0	2.990085408453508
1	3.0080468711704773
2	2.9968936537695927
3	3.0061331502444397
4	3.002373475068226
5	3.002133483581784
6	2.996784647735849
7	2.9939339494507413
8	3.009802487839019
9	3.0044644476253235
10	3.008785167525315
11	2.991382442286851
12	3.0067243526873084
13	3.00375171149469
14	2.990571577975615
15	3.000596201433105
16	2.9929801239316216
17	2.995605708394629
18	3.0063280347106636
19	3.0075039901771436
20	3.0003129857760142
21	3.009002713704655
22	3.000071643792825
23	3.0015298106242363
24	3.003865537363531
25	3.0014599856727795
26	3.0049113353874817
27	2.9973701867295626
28	3.004582456284431
29	2.990654550859675
30	3.0077609914503687
31	2.996203733352656
32	2.9986846778597216
33	3.0004801299547843
34	2.993280675647835
35	2.9946141250334297
36	2.990786098827525
37	2.992430792189349
38	2.9942553546770174
39	3.0005997890859555
40	2.990709473141487
41	2.9962475466053795
42	3.0021287420870335
43	2.99661481745842
44	3.000741356817208
45	3.0020588992292487
46	2.9908884940968368
47	3.0014414657688326
48	2.9945069859352293
49	3.0090896664497926
50	3.0070366903988477
51	3.000272065280158
52	2.9955524642573805
53	2.9994018766384976
54	3.0018721643753175
55	2.997126466850772
56	2.9952797043052315
57	3.0064501982384133
58	3.0022017485262897
59	2.9967938516849486
60	3.00781774895184
61	2.998802632881705
62	3.0013729438201397
63	3.0058744557939248
64	2.9932060512841607
65	3.0070123434574563
66	2.9957489370040093
67	2.9933755599523426
68	3.006395208056982
69	2.9996966884336356
70	3.004120483178264
71	3.009491701289563
72	2.999971685410602
73	2.9978054203203772
74	3.0062575470744526
75	2.9908200708943675
76	3.0007292090795175
77	3.0091745811472954
78	3.0022303475372802
79	3.004558275336631
80	2.99916270333017
81	2.993212685753457
82	2.9965447088974986
83	3.004657149570852
84	2.99846832796431
85	2.997948521308411
86	3.0078653698653843
87	2.990875144754679
88	2.9909364113395704
89	3.0072457311309067
90	3.0059524385458753
91	3.005425035626379
92	3.0082754429884835
93	3.0082698487617243
94	2.9919127291535865
95	3.006072438359953
96	3.0061121184783373
97	3.002242723735287
98	2.99276635116422
99	2.998991978874546
100	3.005023403081518
101	3.0024662471127077
102	3.000741064157108
103	3.006138901004914
104	3.009118219266124
105	2.9960893704125056
106	2.990524204755609
107	2.999618587240355
108	3.002759868498567
109	3.0056674796634764
110	2.9907333326263617
111	3.0081873745100154
112	2.994833517286686
113	3.0026806264660215
114	2.9963770271124015
115	3.006709604811781
116	3.0081403005249134
117	3.000337892503703
118	3.000574008992771
119	2.9931693726481026
119	2.504584928465322
120	2.503228620405677
121	2.508189419260917
122	2.490186740405355
123	2.507055342405786
124	2.498806864649089
125	2.5029256745156854
126	2.4926475482192503
127	2.504742298166303
128	2.505382018662545
129	2.507859173930857
130	2.5076526512443036
131	2.4978243522407704
132	2.5099952041467346
133	2.492377331482657
134	2.491400871831287
135	2.4946540484631536
136	2.5086957686751044
137	2.495765873046621
138	2.5002267087450427
139	2.4969578449644536
140	2.4914060617628175
141	2.509299181987926
142	2.504769688188845
143	2.4955339323886556
144	2.4940216123167356
145	2.4981962489968024
146	2.5087495430213833
147	2.492954139013111
148	2.502752927967617
148	3.003140473691712
149	2.9961900896688856
150	2.9957211021748136
151	2.9978272030261297
152	3.006469875504334
153	2.9970741778004433
154	2.9950432491269026
155	2.9995802496547084
156	2.9970579285811714
157	2.9929578531720766
158	2.998066291932531
159	2.9962536345873407
160	2.9920455393410177
161	3.007443185096326
162	2.997551469579489
163	3.002172888295395
164	2.9945476569283676
165	3.005607317735056
166	3.00778638116131
167	2.996206348985862
168	2.99920175365326
169	2.99712682381128
170	3.000908309355591
171	2.9910001917015108
172	3.0088548712606173
173	2.9966502190947994
174	2.991750079254102
175	3.0091810067367417
176	2.9952137139950894
177	2.9956214012483797
178	2.999930287819569
179	2.992709049499848
180	2.9942406593740376
181	2.994057640544344
182	3.00450098127776
183	2.999396658706967
184	2.9992797117579526
185	2.994497334664099
186	3.0083718867546194
187	3.0027362451435295
188	3.002135203528844
189	2.999224242238531
190	3.008174664343602
191	3.0056737335184502
192	2.9936937479860792
193	3.0008974889483055
194	3.000816380049771
195	2.999320106408473
196	3.008675313837589
197	3.0002685910484392
198	3.008991654837311
199	2.9908471782905166
200	2.9943998412840753
201	3.0069380844901903
202	2.9976885522826215
203	2.9949907422770417
204	2.992841354262712
205	2.9900567170313246
206	2.9932862381885315
207	3.0061604509393045
208	3.0086595616165455
209	3.0008725031887944
210	3.004839361363559
211	3.0066644154791993
212	2.995930618170076
213	2.9929314361352093
214	3.0031012815314826
215	2.9961473805341376
216	3.0061492602608486
217	3.000268136686727
218	2.999671322469939
219	3.007758942858025
220	2.998721798117601
221	3.0073168719439254
222	2.9945599965655694
223	2.991218460062995
224	2.9999359034846895
225	3.000192326466557
226	3.0043823710175537
227	3.0093931135439798
228	2.9935301883493532
229	2.997185616087957
230	2.999393493521621
231	2.995472612464784
232	2.997235546606349
233	2.996775270925554
234	3.0010865471478283
235	3.0047440941209205
236	3.008567787402878
237	2.9946516714886418
238	2.998138991247168
239	3.00754663425442
240	2.9954914249597553
241	3.0092775433535808
242	3.006603196933238
243	3.0001793633642566
244	2.99348833966804
245	2.9979848498531485
246	2.9943243407625317
247	2.9995253381336098
248	2.9998454039868987
249	3.00723534798843
250	2.9910355030107465
251	3.003417713067793
252	2.9920053524958328
253	3.0043417867653646
254	2.9933850048704906
255	3.0081670638027704
256	3.0081468208414615
257	2.9984387080765784
258	2.9986738678633946
259	3.0098358972698636
260	2.9906413552289934
261	2.9950342633725553
262	2.9985303541809474
263	2.992856072883552
264	2.9964532955680783
265	3.0096144297196092
266	2.9902081046197164
267	2.995413888209667
268	5.000672686023159
269	4.9969395538562
270	4.998189113567492
271	5.002558145571915
272	5.0079581249441905
273	4.99226199898916
274	4.990023535081653
275	4.992468000193448
276	5.005188233650786
277	4.9906806597852515
278	5.004029982300856
279	5.006454097890469
280	5.005275170363409
281	4.998174927632625
282	5.004415803343959
283	5.006978299238613
284	4.993293194047339
285	4.995305871080777
286	5.000247848654257
287	5.000854609407308
288	5.006559961404348
289	5.004116983344964
290	4.9932088746041945
291	5.003190707668052
292	4.9942926506293155
293	5.001513977015888
294	4.9905010952004725
295	5.000938618339404
296	4.993187197337675
297	5.0045764886537345
297	2.9989101777619736
298	3.0075807136263157
299	3.0082024147431987
300	2.997612855376505
301	3.001082587810624
302	2.9921533599410366
303	2.9992159733364203
304	3.007353564703602
305	2.9931364544374537
306	2.9997414894926724
307	2.9991622568513816
308	2.9962835005989747
309	3.0005708556845647
310	2.997838139482454
311	2.999470075445371
312	3.007356887774372
313	2.9944566404409843
314	3.005094749542984
315	2.99583559450604
316	2.9906639785502382
317	2.993384611997252
318	2.991810622750704
319	3.001849486381992
320	2.992763903820955
321	3.004207233288427
322	2.998959417304637
323	2.9997916509347027
324	3.0096866148486625
325	2.9991169205850627
326	3.009515746732617
326	3.5076513503011406
327	3.4983745625180718
328	3.5022373700663842
329	3.5041966804618183
330	3.497042048668688
331	3.490125384161694
332	3.5011929974917257
333	3.507253186289975
334	3.494925359800706
335	3.5036177527225227
336	3.5019302648894657
337	3.4974530443050593
338	3.4988178079929253
339	3.495667150879502
340	3.508875233150202
341	3.4938127361525306
342	3.5081687317539525
343	3.5054443690543273
344	3.504077141566679
345	3.5095279640812125
346	3.5029286552414005
347	3.492366900792119
348	3.5000064387676626
349	3.4915221401103387
350	3.5057022184394317
351	3.5022627955816175
352	3.497240078217313
353	3.5091381546288742
354	3.4940718863934164
355	3.505586469604025
355	3.0032003766315505
356	3.0070655758478884
357	2.9915737140411087
358	2.9910728597472582
359	3.0062777203631876
360	3.009558091762097
361	2.9998136185384245
362	2.9918157307425903
363	3.0068529583824986
364	3.0068438500268098
365	3.004031307646028
366	2.9959832788410523
367	3.009375162531775
368	3.007470236955285
369	2.997777825815124
370	2.9998622665888566
371	3.0037078855899004
372	3.0021303151152097
373	3.0044864671986224
374	2.9974253519509904
375	3.0065918917389345
376	2.990711899893893
377	2.9960920085436142
378	2.9925645179306697
379	2.998089224757672
380	2.9966253906295064
381	2.99269744697608
382	3.0058311745082156
383	2.9975597856102514
384	3.008783165612169
384	4.503926038334417
385	4.491418794206337
386	4.492079398109475
387	4.509382337916185
388	4.496849483083423
389	4.497081472249093
390	4.505401962417893
391	4.4940398625498945
392	4.508290490829357
393	4.507234609588081
394	4.505641857559381
395	4.509607666878301
396	4.495218123530097
397	4.499844335803514
398	4.501349325799132
399	4.500115313538089
400	4.496763446186785
401	4.500526512777818
402	4.495970256208532
403	4.505618470198059
404	4.505930378793689
405	4.4936673246127
406	4.496080542042426
407	4.503894147801665
408	4.504998443468268
409	4.494790072898437
410	4.509885033709694
411	4.505811549808939
412	4.500650855196644
413	4.509151766367172
413	2.9904351643371174
414	3.0098662467785737
415	2.992025346160741
416	3.005961416779538
417	3.0055693087533935
418	3.008039672066108
419	3.0089913719836714
420	2.9970391669977086
421	3.008640329359587
422	3.0063979414405844
423	2.992995428925929
424	2.991513435908012
425	3.0042575069046396
426	3.0095426073832394
427	2.9992640453843675
428	3.0014822361484566
429	2.998646487408617
430	3.000275807945511
431	3.001134159853597
432	2.9986427965841425
433	3.0041707234117747
434	2.997391667874736
435	3.0092664335347914
436	3.0051210905868353
437	2.9930866983118465
438	3.000341174036289
439	2.995780713041491
440	2.9930885876567634
441	2.9924805446062948
442	2.992193426178203
442	3.302934402722712
443	3.2957592367266293
444	3.2907460998906477
445	3.2956454192012887
446	3.2913130076962624
447	3.3052895353976064
448	3.299378865324534
449	3.302814424456517
450	3.3090782166566752
451	3.2953841815625324
452	3.292212771135517
453	3.299832857238663
454	3.2900524870120442
455	3.308715160995364
456	3.2975239145410637
457	3.3041168108043575
458	3.3029179928928354
459	3.2952712791618075
460	3.3027114298629923
461	3.2996857621289943
462	3.3035947340961793
463	3.301755724800947
464	3.2993064557283724
465	3.3072679793806232
466	3.2903022925918597
467	3.2968064870046043
468	3.3074962359102886
469	3.293383427772386
470	3.2996105434159535
471	3.3019531699644626
471	2.996166408382358
472	3.0018283654322238
473	2.9923330969820157
474	2.9968896632914412
475	3.003619299242727
476	3.0006117429856536
477	3.007439379658057
478	2.995896974787824
479	2.994346866886104
480	2.9938240739677147
481	3.000838633326063
482	2.9915776883257705
483	2.9970057624877575
484	2.9993291098106054
485	2.994602448729805
486	3.0039854509218955
487	3.007161327559133
488	3.0097748865044456
489	2.9931851950756863
490	3.005699016352101
491	3.0085564666025757
492	3.0030363860031373
493	2.990201340802133
494	3.005564327736643
495	2.992276343198855
496	3.0029257041819424
497	3.009453631889706
498	2.994772907379926
499	2.9909048314714703
500	3.0008472283550605
501	2.99382750077
502	2.99716283079
503	3.00891331156
504	2.99986499051
505	2.99099611817
506	2.99826242905
507	2.99723175168
508	2.99914951077
509	3.00610973964
510	2.99305110359
511	3.00924648409
512	2.99524787881
513	2.99007588446
514	2.99506951325
515	2.99192121389
516	3.00416207517
517	2.99333541097
518	2.99285645425
519	2.99230468519
520	2.99954344685
521	3.00458832352
522	3.00994392551
523	2.99524134038
524	3.00457796188
525	3.00152816647
526	3.00162417419
527	3.0029054296
528	3.00115036035
529	3.0005899182
530	2.99794282593
531	2.99428925895
532	3.00402516416
533	3.00134440115
534	2.99838900755
535	3.00243060988
536	2.99215873298
537	2.9936020716
538	2.99345786595
539	3.00881994176
540	2.99722328477
541	2.99170616975
542	3.00339900519
543	2.99145730394
544	2.99148596973
545	3.00733166179
546	3.00691365175
547	2.99307138433
548	3.00324649021
549	2.99884867834
550	2.99187264883
551	3.0058945193
552	2.9969514812
553	3.00378510378
554	2.99135086949
555	2.99484457686
556	2.99431400574
557	3.00897184744
558	2.9983524608
559	3.00652379757
560	3.00343984976
561	2.99017467465
562	2.99191550675
563	3.00529652496
564	2.99567264272
565	2.99361546869
566	3.00450637102
567	3.0008544841
568	2.99178435735
569	3.0032066078
570	3.0033490583
571	2.99746191531
572	2.99558378764
573	2.99375337262
574	3.00499000504
575	2.99138970297
576	2.9947576625
577	3.00028808619
578	2.99844901666
579	2.99843506899
580	3.00857615528
581	2.99637900497
582	3.00489240872
583	2.99336777049
584	3.00187860891
585	3.00807287355
586	3.00931197684
587	3.00520958352
588	3.00568956885
589	2.99276418624
590	2.99604805583
591	2.99501265341
592	3.00753217829
593	3.00714304916
594	3.00418171634
595	3.00570826486
596	2.99549062284
597	2.99269106986
598	3.00985924999
599	3.00317414998
600	3.00986182067
601	3.00892944389
602	3.0083145843
603	2.99704885771
604	3.0054077791
605	2.9940116368
606	2.99033424137
607	2.99568263993
608	3.00914595784
609	2.99678238949
610	3.00666300621
611	2.99824074298
612	2.99110858579
613	2.99272431685
614	3.00829025502
615	3.00872966135
616	3.00442070515
617	3.00180828024
618	2.99636170372
619	3.00166466796
620	2.99079669532
621	3.00441075346
622	3.00926599563
623	2.9991801375
624	2.99074085375
625	3.00602597384
626	2.99011521375
627	3.00938802613
628	2.99429249465
629	3.00099199304
630	2.99356847812
631	2.99761584261
632	3.00501101793
633	3.00158039931
634	2.9962353126
635	2.99031255858
636	3.00918376499
637	3.00041205736
638	3.00861179999
639	2.99652950201
640	3.00028735384
641	3.00335319141
642	3.00352576443
643	2.99146636132
644	3.00529738292
645	3.00136188436
646	3.005035956
647	3.00575717177
648	3.00675257069
649	2.99143990842
650	3.00306482907
651	2.99806423064
652	2.99555742591
653	3.00471738902
654	3.00080307543
655	2.9974698756
656	2.99047539448
657	2.99842024025
658	2.9934635216
659	2.99431966078
660	2.99208370182
661	3.00934678927
662	3.00969828914
663	2.99831752248
664	3.00727202442
665	2.99766860976
666	2.99060478056
667	3.00867206053
668	3.00697208188
669	3.00422048755
670	2.99792731367
671	2.99437865003
672	2.99012855941
673	3.00906219224
674	3.00301776456
675	2.99663022224
676	3.00282978974
677	2.99337619853
678	2.9959017647
679	3.00643757836
680	3.00554110959
681	3.00972473754
682	3.00342706444
683	3.00495655316
684	2.99729078519
685	3.00896737992
686	3.00619883578
687	3.00434542029
688	3.00992389125
689	2.99301539086
690	3.00604539746
691	3.00194852093
692	3.00907051627
693	2.9988895748
694	2.99327632967
695	2.99229336718
696	3.00569769402
697	2.99688994882
698	3.00434892633
699	2.99417727916
700	2.99532848117
701	2.99095695358
702	2.99933683269
703	3.00237716079
704	3.00005026357
705	2.99358995381
706	2.996775094
707	2.99952818077
708	2.99843600281
709	3.00403396663
710	3.00447665724
711	3.00599690741
712	2.99208216796
713	3.0031004682
714	3.00420908719
715	3.00623166511
716	3.00271054658
717	3.00126912485
718	2.99889013062
719	2.99123283221
720	3.00423552178
721	2.99370269435
722	3.00191599088
723	2.99679529076
724	3.00468537925
725	3.00958166187
726	2.99635348741
727	2.99377485686
728	3.00113287991
729	3.00815458846
730	3.00536663377
731	3.00415817247
732	2.99149506221
733	3.0042961871
734	3.00707951823
735	3.00297949888
736	3.00145281989
737	2.99430644085
738	3.00580523187
739	3.00716116043
740	3.00114398422
741	3.00344231372
742	3.01005014509
743	3.0106145475
744	3.00587361495
745	3.01013136394
746	3.01732474518
747	3.01588518539
748	3.01749786826
749	3.00977098835
750	3.01692770793
751	3.03029761013
752	3.03369039725
753	3.03313743563
754	3.04248032379
755	3.04468799794
756	3.04726170801
757	3.04423321129
758	3.06619345778
759	3.07158981853
760	3.07272623495
761	3.08634433184
762	3.09724720994
763	3.10923076983
764	3.12815289478
765	3.13422877764
766	3.16753928459
767	3.17257011915
768	3.19022565408
769	3.21426812381
770	3.22723121987
771	3.25750911835
772	3.29077132168
773	3.31702142653
774	3.33092067312
775	3.35840922362
776	3.39335370041
777	3.43548856973
778	3.45636522006
779	3.48032170454
780	3.51969814989
781	3.54809712095
782	3.59590789456
783	3.62823011014
784	3.6609793352
785	3.69023085033
786	3.72426005052
787	3.76628466299
788	3.78620941317
789	3.82457884558
790	3.85476860638
791	3.86914078779
792	3.89949975009
793	3.92100329617
794	3.9480931763
795	3.97245744283
796	3.98334472731
797	3.99520979239
798	4.01613966588
799	4.0126903761
800	4.02418651528
801	4.02681130048
802	4.03005085663
803	4.02033618109
804	4.0164838235
805	3.99920414887
806	3.99431597816
807	3.9600799831
808	3.94937510725
809	3.93439510864
810	3.89674500963
811	3.8717276513
812	3.84780462872
813	3.81449970959
814	3.79285642776
815	3.7680523589
816	3.71678098027
817	3.68994899957
818	3.66219048959
819	3.61705803696
820	3.59434370833
821	3.55304095555
822	3.51874694086
823	3.4815121202
824	3.4579909967
825	3.43045394477
826	3.40399329628
827	3.36421072305
828	3.33213197284
829	3.31077398188
830	3.28205666533
831	3.26244802244
832	3.24051245435
833	3.21017782175
834	3.1982388601
835	3.17715997795
836	3.14890002603
837	3.13557133726
838	3.1248642286
839	3.1105521366
840	3.09466305359
841	3.0953084641
842	3.07081286246
843	3.06141268942
844	3.05726347674
845	3.04432875061
846	3.04016663724
847	3.04992305768
848	3.03652980077
849	3.02095651063
850	3.02847807459
851	3.03179724955
852	3.02823583508
853	3.01758366989
854	3.00708099071
855	3.01846257003
856	3.01827403689
857	3.00983739741
858	2.99744099439
859	3.00811141317
860	2.99802743168
861	3.0043062734
862	2.9954343852
863	3.0088588115
864	3.0031193426
865	3.00379635528
866	3.00157114867
867	3.0075900136
868	3.00148881498
869	3.01028549479
870	2.99973612963
871	3.00264774935
872	3.00584712809
873	2.99199996369
874	3.00226596057
875	2.99619632357
876	3.00006913381
877	2.9996523015
878	3.00405393075
879	3.0007087008
880	2.99211124017
881	3.00663388848
882	3.0055085641
883	2.99531716158
884	3.00552409196
885	2.99610391551
886	3.00674434837
887	2.9915781671
888	2.99922491217
889	3.00627656057
890	3.00864650507
891	3.002681608
892	2.99997042298
893	2.9924874035
894	2.99479681775
895	3.00464004848
896	2.99347650365
897	2.99715890524
898	2.996012742
899	2.99714456578
900	2.99467419762
901	2.99182906717
902	2.99867524797
903	2.99832176632
904	3.0029995803
905	3.00645797228
906	3.00286818865
907	3.00584293553
908	3.00068510836
909	2.99451778936
910	2.99121650322
911	2.99745821108
912	3.00948644367
913	3.00926438854
914	3.00782623123
915	2.99426795464
916	2.99891867931
917	3.00174299475
918	3.0091943182
919	3.00231718144
920	3.00961130844
921	2.99316582042
922	2.99166974133
923	2.99230379994
924	2.99066569166
925	2.99535397265
926	2.99589281655
927	2.9949484262
928	3.00865432201
929	3.00839749413
930	3.00574099879
931	2.99626205866
932	2.99635881073
933	2.99820468056
934	3.00743548903
935	3.00144584641
936	2.99307145247
937	2.99930155421
938	3.00289966913
939	3.00560129224
940	3.00272480849
941	3.00566268977
942	2.99456312413
943	2.99176908402
944	2.99699697302
945	3.00118357075
946	3.00397424509
947	3.00769606227
948	2.99201997555
949	2.99856392441
950	3.00110669193
951	3.00204354898
952	3.00502401857
953	2.99315181511
954	2.99294438559
955	3.00784035825
956	2.99116727466
957	3.00876449542
958	2.99350487592
959	2.99487298882
960	2.99847664174
961	3.00800743116
962	3.00808560766
963	3.00754369919
964	3.00709388552
965	2.99817735654
966	2.99812406058
967	3.00918277737
968	2.9974535737
969	3.00913775999
970	2.99565056831
971	2.99898664686
972	2.99456115513
973	2.99344906009
974	2.99968926598
975	3.00162250217
976	3.00186491757
977	3.00825755012
978	2.99676623019
979	2.99034158927
980	2.99709353874
981	2.99266116741
982	3.00003293208
983	2.99369521056
984	2.99495703082
985	2.99893736141
986	2.99212469587
987	2.99032576089
988	2.99506559288
989	3.00632262945
990	2.99641302043
991	2.9918895737
992	3.00464437018
993	3.00180017133
994	3.00988575167
995	2.99693724832
996	2.9955465923
997	2.99581343879
998	2.99262928608
999	2.99680948457
1000	2.99560025898
1001	2.99393937781
1002	2.99069913168
1003	3.00149128947
1004	2.99282572945
1005	3.00158706892
1006	2.99838741498
1007	2.99304254672
1008	3.00453786903
1009	3.00073790315
1010	3.00442434611
1011	2.99466001336
1012	2.9941740025
1013	3.00430892493
1014	2.99240295986
1015	3.00524232015
1016	3.00042728896
1017	3.00905133386
1018	3.00445540167
1019	3.00258719243
1020	3.00976765016
1021	3.00647812009
1022	2.99718482011
1023	2.99315957207
1024	2.99215904026
1025	3.0029054236
1026	2.99489081025
1027	2.99680968872
1028	3.00897932362
1029	2.99494681749
1030	3.00397309881
1031	2.99218803755
1032	2.99000066608
1033	2.99448167942
1034	3.00219934113
1035	2.99441968275
1036	2.99055711003
1037	3.0055096826
1038	2.9932959344
1039	2.99101657216
1040	2.99667990974
1041	2.99328328646
1042	3.005949759
1043	3.00515156298
1044	3.0026083731
1045	2.99453356636
1046	3.00568905827
1047	2.99903125385
1048	3.00117257939
1049	3.0018647431
1050	2.99797697568
1051	3.00338741913
1052	2.99683822016
1053	2.99726874385
1054	3.00886395651
1055	2.99725424348
1056	3.00161660343
1057	2.99166008677
1058	3.00524745409
1059	3.00803335014
1060	3.0033577463
1061	3.00802215441
1062	2.99659604103
1063	2.99948795412
1064	2.99786623508
1065	2.99903126973
1066	3.00177846088
1067	2.9911398696
1068	2.99847538225
1069	3.00877448898
1070	3.00943868377
1071	2.99818911384
1072	2.99947578967
1073	2.99672482589
1074	3.00893684311
1075	3.00692700074
1076	2.99322724559
1077	3.00858487777
1078	3.00636224117
1079	2.99735560515
1080	2.99134339805
1081	3.00356389813
1082	3.00685432923
1083	2.99828147624
1084	3.00034102262
1085	3.00758411841
1086	3.0043339251
1087	3.00954886255
1088	2.99347438612
1089	2.99924571976
1090	3.00667856577
1091	3.00235224976
1092	2.99134638624
1093	3.00958251675
1094	2.99201530096
1095	3.00621207829
1096	3.00326787125
1097	2.99939683577
1098	3.00645758727
1099	2.99801518692
1100	3.00761075682
1101	3.00996558265
1102	3.00948027103
1103	2.99247507892
1104	2.9968445248
1105	3.00188266347
1106	2.99059318198
1107	3.00920130715
1108	3.00646461095
1109	2.99772073432
1110	3.00711286513
1111	3.00287508922
1112	3.00138284259
1113	2.99282923379
1114	3.00286825888
1115	3.00534612898
1116	3.00319440803
1117	2.99759087367
1118	2.99005877483
1119	2.99161997573
1120	3.00042106037
1121	3.00192741032
1122	3.00841333477
1123	2.99170232464
1124	3.00219078447
1125	3.00714430213
1126	3.00840085715
1127	2.9902509891
1128	3.00027695863
1129	2.99161457869
1130	2.99074363814
1131	3.00908073104
1132	3.00381324508
1133	2.99664109076
1134	3.00740925356
1135	2.99348991022
1136	2.9996847271
1137	3.00583693276
1138	3.00762769869
1139	2.99870919898
1140	2.99754956719
1141	2.99706269807
1142	3.00964361867
1143	2.9999038078
1144	2.99592225922
1145	3.00168700372
1146	3.00008591899
1147	3.00800255746
1148	2.99773011545
1149	2.99727987149
1150	3.00287758663
1151	2.99875647987
1152	3.00233363193
1153	3.00059833755
1154	2.99692507439
1155	3.00343401181
1156	2.99556879333
1157	2.99407896308
1158	3.00424873762
1159	3.00035617037
1160	2.99916368371
1161	2.99523445243
1162	2.99549776884
1163	2.99884323893
1164	3.00959520814
1165	2.99272762949
1166	3.0011343608
1167	2.99351131275
1168	3.00905543223
1169	3.00199406882
1170	2.99617458985
1171	2.99320196322
1172	2.9915724026
1173	2.99645024712
1174	3.0076804185
1175	2.99843284314
1176	3.00786915241
1177	3.0005531416
1178	3.0051500576
1179	2.99846825066
1180	3.00776332396
1181	3.00323037808
1182	3.00398074115
1183	3.00592787504
1184	3.00058936079
1185	2.99433096452
1186	3.00236282794
1187	3.00890464428
1188	2.9987292461
1189	3.00689084333
1190	2.99074078964
1191	3.00702453636
1192	2.99487939321
1193	2.999510498
1194	3.00913254048
1195	2.99467947135
1196	2.99892980798
1197	3.00981467346
1198	2.99157571635
1199	2.99707757078
1200	3.00431345618
1201	2.99879126166
1202	3.00626610872
1203	2.99706682352
1204	2.99683849143
1205	2.99611969803
1206	3.0073039325
1207	2.99977591271
1208	2.99018061824
1209	2.9956223402
1210	3.00060484942
1211	2.99022532344
1212	3.00498335294
1213	3.00803094367
1214	2.99877187799
1215	2.99495009147
1216	3.00497062525
1217	2.99924935139
1218	3.00207422017
1219	2.99871648514
1220	2.99077405806
1221	2.99585821486
1222	2.99795393078
1223	2.996651001
1224	2.99934623184
1225	3.00647433624
1226	2.99288373449
1227	3.00949961776
1228	2.9958335211
1229	3.00390742877
1230	3.00713143495
1231	2.99686098737
1232	2.99736712353
1233	2.99372579897
1234	3.00678176246
1235	2.99311658079
1236	3.00759635203
1237	2.99754240358
1238	3.00978234407
1239	3.00054279096
1240	2.99250375994
1241	3.00255553721
1242	2.99951288652
1243	2.99977569015
1244	3.00644866357
1245	3.0090044775
1246	2.99813388481
1247	2.99137670517
1248	3.0013596339
1249	3.00044074492
1250	2.99601719189
1251	2.99124840549
1252	2.99907849012
1253	3.00626640716
1254	3.0082062261
1255	2.99364001145
1256	3.00894675959
1257	2.99254763633
1258	2.99974076759
1259	2.9928011925
1260	2.9935114521
1261	2.99073859121
1262	3.00346548185
1263	3.00180735997
1264	3.0076537591
1265	2.99393151631
1266	2.99720732044
1267	2.99481083989
1268	2.99517466619
1269	3.00950456715
1270	2.99025209771
1271	2.99279444099
1272	2.99812874474
1273	2.99028920564
1274	3.00346603776
1275	2.99503892035
1276	2.99770786883
1277	3.00472898833
1278	2.99887117676
1279	2.99033280265
1280	2.99948783759
1281	3.00097576797
1282	3.00412940699
1283	3.00475017623
1284	2.99540054197
1285	3.00749262315
1286	3.0092907304
1287	3.00953729597
1288	2.9906201635
1289	3.00524436853
1290	3.00923376121
1291	3.00888267747
1292	2.99387157345
1293	3.00057402915
1294	2.99327424351
1295	3.00922237928
1296	2.9990552167
1297	3.00650299723
1298	2.99956773308
1299	2.99842424827
1300	3.00466734867
1301	2.99258187569
1302	3.00519140306
1303	3.00655859833
1304	2.99749795373
1305	2.99533272978
1306	3.00387976483
1307	3.00933467774
1308	3.00508565552
1309	3.00000883743
1310	2.99284820197
1311	2.99404964387
1312	2.99755854873
1313	2.99285717086
1314	2.99970671255
1315	3.00726290413
1316	2.99509556861
1317	2.99269300828
1318	3.00732353818
1319	3.00671569619
1320	2.99494026612
1321	3.00496238565
1322	2.99293127639
1323	3.00918349502
1324	3.00310794582
1325	2.99030232524
1326	3.00984955893
1327	3.00618271403
1328	3.004036395
1329	3.00268552594
1330	2.99737228652
1331	2.99519086248
1332	3.00793151488
1333	2.99796940959
1334	3.00980546593
1335	3.005998186
1336	3.00803362529
1337	2.99361007954
1338	2.99511129042
1339	2.99755092948
1340	3.01079460433
1341	3.01407555066
1342	3.00230045914
1343	3.00762837227
1344	3.0089621483
1345	3.00137519736
1346	3.01163792002
1347	3.01980701336
1348	3.02118681468
1349	3.00701232601
1350	3.02448285698
1351	3.03006636992
1352	3.01965678563
1353	3.0393944699
1354	3.04541650874
1355	3.04045225817
1356	3.04495685978
1357	3.05178097202
1358	3.06506756423
1359	3.07278331389
1360	3.08604037919
1361	3.08295582232
1362	3.10774137264
1363	3.1107663253
1364	3.12031821807
1365	3.132538617
1366	3.16255474939
1367	3.17880832332
1368	3.19698153492
1369	3.20656105258
1370	3.24360784191
1371	3.25439133689
1372	3.29021068893
1373	3.30215456066
1374	3.33608767337
1375	3.37380812773
1376	3.39712515525
1377	3.42067042478
1378	3.44887788173
1379	3.49872012157
1380	3.52878358622
1381	3.55027179192
1382	3.58347626201
1383	3.62070272354
1384	3.66211220802
1385	3.69158703673
1386	3.72355990672
1387	3.76020767228
1388	3.78197562059
1389	3.82323498637
1390	3.8464999846
1391	3.88366894203
1392	3.89599614583
1393	3.9288699907
1394	3.95916497683
1395	3.97325711888
1396	3.9856539428
1397	3.99523664069
1398	4.01547282233
1399	4.0205198047
1400	4.02745758836
1401	4.02312248135
1402	4.02501557589
1403	4.02334512852
1404	4.00556417695
1405	3.99821621383
1406	3.99309821812
1407	3.97326798063
1408	3.95117553704
1409	3.92624581901
1410	3.9012221813
1411	3.88680842232
1412	3.85756557771
1413	3.81825019157
1414	3.79837727237
1415	3.74951807252
1416	3.72153976271
1417	3.69285960833
1418	3.66792632862
1419	3.62072065436
1420	3.5993049622
1421	3.5639629587
1422	3.53283005655
1423	3.48417726523
1424	3.45530351453
1425	3.42329133841
1426	3.39906606362
1427	3.3741749522
1428	3.34013520691
1429	3.32027028032
1430	3.2769061072
1431	3.26543360798
1432	3.2272032911
1433	3.22040147551
1434	3.20324442457
1435	3.17576181164
1436	3.15662093603
1437	3.14327613822
1438	3.12129294323
1439	3.10587359914
1440	3.1105540109
1441	3.08681457563
1442	3.08574685172
1443	3.06866634026
1444	3.06880437498
1445	3.05901138365
1446	3.05390629024
1447	3.03846119272
1448	3.0448180273
1449	3.03705346673
1450	3.02485655463
1451	3.02953417917
1452	3.02078901162
1453	3.00911899022
1454	3.02310714173
1455	3.01520308251
1456	3.01861215938
1457	3.01662940214
1458	2.99786177079
1459	3.01609888114
1460	3.00666638931
1461	2.9968725019
1462	3.00655657881
1463	3.0117676473
1464	2.99579052269
1465	2.99442639567
1466	3.0072695297
1467	2.99522552538
1468	2.99187959777
1469	2.99997892173
1470	2.99142559581
1471	2.99785583366
1472	2.99333203408
1473	3.00069936883
1474	3.00222977767
1475	2.99150577464
1476	3.00477633178
1477	2.99497012532
1478	3.00504408479
1479	2.9912785404
1480	2.99023076388
1481	3.00130492044
1482	2.99962327662
1483	3.00634160882
1484	2.99346055119
1485	2.99594236494
1486	3.00714675414
1487	2.9982938018
1488	3.00547210751
1489	3.00672243529
1490	3.00742417013
1491	3.00370041514
1492	3.00610214143
1493	3.00935877497
1494	2.99858536996
1495	2.99456461147
1496	3.00436478881
1497	2.99863434429
1498	2.99189122998
1499	2.99414172538
1500	3.00557787323
1501	3.00341927057
1502	2.99449584384
1503	2.99518055928
1504	2.99697645079
1505	3.00469395599
1506	2.9905883849
1507	2.9947741188
1508	2.99593395873
1509	2.99433415947
1510	2.9985283728
1511	2.9955060152
1512	3.00122148618
1513	3.00190836253
1514	3.0041172165
1515	3.00305861861
1516	3.00679900453
1517	3.00156625095
1518	3.00220398465
1519	2.9936451952
1520	3.00722971793
1521	3.00821354462
1522	3.00907347777
1523	2.99495214308
1524	3.00618512564
1525	3.00584048205
1526	3.00594078073
1527	3.00186430676
1528	3.00400429601
1529	2.9981408332
1530	2.99500763137
1531	3.00498711879
1532	2.99919164327
1533	2.9959333518
1534	2.9932347423
1535	2.99474152517
1536	2.99004227166
1537	3.00847762389
1538	2.99583347434
1539	2.99172439697
1540	3.00946542601
1541	3.00387358114
1542	2.99840062668
1543	2.99159707206
1544	2.99317816305
1545	3.00483890924
1546	3.00729961798
1547	2.99745383816
1548	2.99476480264
1549	3.00592535011
1550	3.00751788492
1551	3.00608043238
1552	3.00747715255
1553	3.00389316638
1554	2.99066065129
1555	2.99923937088
1556	3.0058718987
1557	2.99016621954
1558	2.99589512256
1559	2.9927280327
1560	3.00657012195
1561	2.99680470016
1562	2.99754807262
1563	2.99932566602
1564	3.00469684937
1565	3.00639435621
1566	2.99172951834
1567	3.00109729366
1568	3.00142923903
1569	3.00662743929
1570	3.00255852285
1571	3.00322496343
1572	2.99748182677
1573	2.99140416729
1574	2.99229674963
1575	2.99161574414
1576	2.99930585859
1577	3.0035531703
1578	2.99156636179
1579	2.99459293469
1580	2.99590257599
1581	2.99715946167
1582	2.99293491268
1583	2.9920889565
1584	3.00045328939
1585	3.0021077258
1586	2.9984066802
1587	2.99185963786
1588	2.99084747607
1589	2.99004545592
1590	3.00265849351
1591	3.00280783496
1592	2.99373824586
1593	3.0044748725
1594	2.99175885155
1595	3.00353261283
1596	2.99855717027
1597	3.00192816156
1598	3.00970365989
1599	2.99617973455
1600	2.99616766698
1601	2.99607987463
1602	2.99027100757
1603	3.00847973413
1604	2.99589628046
1605	2.99971330132
1606	3.00501500362
1607	3.00222990695
1608	2.99235747571
1609	2.99581004288
1610	2.99005375683
1611	2.99597998964
1612	2.99625040494
1613	2.99093307659
1614	2.99388998255
1615	3.00827580169
1616	3.00363059139
1617	2.99275834827
1618	2.99558812787
1619	3.00170786434
1620	2.99247456551
1621	3.00203260114
1622	3.00178717875
1623	3.0004483636
1624	2.99444373346
1625	3.00764493558
1626	2.99664833175
1627	3.00097882847
1628	3.00667480883
1629	2.99260391205
1630	2.99989968996
1631	2.99724198047
1632	2.99951846501
1633	2.99392385034
1634	2.9913292276
1635	2.99167791167
1636	2.99970158249
1637	3.0044263244
1638	2.99537158415
1639	2.99594949841
1640	3.00936957228
1641	2.99868939973
1642	2.99269441936
1643	2.99433059954
1644	3.0076520441
1645	2.99068258521
1646	3.00532595445
1647	2.99697937912
1648	2.99248100787
1649	3.00327039671
1650	3.00480739817
1651	2.99772977375
1652	3.00764777489
1653	3.0094400672
1654	3.00295854009
1655	3.0082119712
1656	3.00051362518
1657	3.00915478848
1658	2.99568029495
1659	3.00165134537
1660	3.00113104014
1661	3.00767181891
1662	2.9977646821
1663	2.99715552618
1664	2.99224494343
1665	2.99590184966
1666	2.99991274562
1667	2.99836314781
1668	3.00278659648
1669	2.994223292
1670	2.99862093374
1671	2.99824167372
1672	2.99772287055
1673	3.00383580211
1674	3.0068561083
1675	2.99527289029
1676	3.00606778707
1677	2.99542437879
1678	3.00194492174
1679	2.99803397384
1680	2.99494722512
1681	2.99468704162
1682	2.99207494641
1683	2.99760964894
1684	3.00820633759
1685	2.99995357353
1686	2.99301990107
1687	2.99815948303
1688	2.99069646684
1689	2.99774710553
1690	2.99705739236
1691	2.99104723783
1692	2.9999151149
1693	3.00864790328
1694	3.00020453308
1695	2.99147821447
1696	2.99442208288
1697	3.00042539612
1698	2.9958492745
1699	3.00782175277
1700	3.00672689791
1701	3.00280401676
1702	2.99473999551
1703	2.99709482022
1704	2.99416904503
1705	2.99032321616
1706	3.00860750737
1707	2.99824528378
1708	3.00810739116
1709	3.00277153105
1710	3.00831842241
1711	2.99164188364
1712	3.004412525
1713	3.00762624858
1714	3.00540110383
1715	2.99489173797
1716	3.0096082323
1717	2.99690405457
1718	2.99936143311
1719	2.99411990009
1720	2.99739478812
1721	2.99680697048
1722	3.00894036103
1723	3.00168214874
1724	2.99834855267
1725	2.99494592577
1726	2.99397799732
1727	3.0095557078
1728	3.00527920033
1729	3.00100610799
1730	3.00468107342
1731	2.99707301391
1732	2.99018471719
1733	3.00757819125
1734	3.00997376094
1735	3.0051662099
1736	3.00845233261
1737	3.00609984232
1738	3.0036058649
1739	2.99703963505
1740	2.99872735357
1741	3.00953207321
1742	2.99262941287
1743	2.9967091104
1744	3.00245115164
1745	2.9950966891
1746	2.99358561231
1747	3.00078162328
1748	2.99152275937
1749	3.0000357401
1750	3.00020105651
1751	2.99038848435
1752	2.99075325364
1753	3.00983472317
1754	2.99524779289
1755	2.99506467931
1756	2.99389978703
1757	3.00251687001
1758	2.99608508252
1759	2.99870323436
1760	2.99554747829
1761	3.00585690415
1762	3.00601859036
1763	2.99579193942
1764	3.00596053297
1765	2.99130970237
1766	3.00551797663
1767	2.99907208007
1768	2.99930273871
1769	2.99468980071
1770	2.99330779032
1771	3.00872844202
1772	3.00021499987
1773	2.99149896729
1774	3.00949768553
1775	3.00715630249
1776	3.0061989081
1777	2.99432173273
1778	3.00978607023
1779	3.00879061402
1780	3.00538560809
1781	3.00744520277
1782	2.99278322412
1783	2.99909418018
1784	3.00932124212
1785	2.99204998466
1786	2.99599694557
1787	2.99417309978
1788	3.00140044524
1789	3.00199690897
1790	3.00874604211
1791	2.99661788456
1792	2.9953093355
1793	3.00297853461
1794	2.99158260426
1795	2.99080610819
1796	3.00410905084
1797	3.00775558553
1798	3.00932822884
1799	2.99290369269
1800	2.99845918376
1801	2.99841195754
1802	2.99711334857
1803	3.00731953352
1804	3.00387458958
1805	2.99147282717
1806	3.0030822763
1807	2.99038889561
1808	2.99391012472
1809	3.0037126207
1810	2.99054554537
1811	3.00515220393
1812	2.99012871616
1813	3.00150730977
1814	3.00524605344
1815	2.9903796096
1816	3.00998855016
1817	2.99057183108
1818	3.0095206629
1819	2.99656836518
1820	2.99716499391
1821	3.00115747621
1822	3.00530634193
1823	2.99887915254
1824	3.00310927549
1825	2.99900587662
1826	2.99285345748
1827	3.0090332921
1828	2.99240191141
1829	2.99317649176
1830	3.00920403233
1831	3.00270816882
1832	2.99702957251
1833	2.99743312899
1834	3.00468960795
1835	2.99485135133
1836	3.00484736861
1837	3.00926963498
1838	2.99425916403
1839	2.99653881473
1840	3.00806563302
1841	3.00725499046
1842	3.00986042069
1843	3.00061734099
1844	3.00631079373
1845	2.99487675709
1846	3.00872157334
1847	2.99776752073
1848	2.99383333112
1849	2.99418892842
1850	3.00956877985
1851	2.999323167
1852	2.9972028323
1853	2.99683444824
1854	2.99874270101
1855	2.99594911616
1856	3.0076589063
1857	3.00688292523
1858	2.99487763716
1859	2.99921644916
1860	3.00048305785
1861	3.00239550538
1862	3.00562415033
1863	3.00635760645
1864	2.99657369307
1865	3.00839869522
1866	2.99451933867
1867	2.99216766239
1868	2.99821540952
1869	3.00388785533
1870	2.99784526102
1871	2.99125582656
1872	2.99331892189
1873	2.99951873048
1874	3.0018096303
1875	3.00494633379
1876	3.00762003432
1877	2.99856957133
1878	2.99764931573
1879	3.00608522523
1880	2.99057414011
1881	3.00360242452
1882	3.00917482467
1883	3.00290085818
1884	3.00152600464
1885	3.00257528213
1886	3.00273788205
1887	2.99977797351
1888	3.00610190058
1889	2.99083744695
1890	3.00981455134
1891	3.00335931588
1892	2.99701725585
1893	2.99809132913
1894	2.99365737012
1895	3.00602727239
1896	3.00076909254
1897	3.00718157125
1898	3.00835552394
1899	3.00628927085
1900	3.009431597
1901	2.99715918284
1902	2.99690666002
1903	3.00958627153
1904	3.00644615936
1905	2.99839748911
1906	2.99459024984
1907	3.00046335806
1908	2.9908697812
1909	2.99611440785
1910	3.00617666579
1911	3.00353477025
1912	2.99042345062
1913	3.00013263131
1914	3.00803566762
1915	2.99514214785
1916	2.99781208219
1917	2.99318869517
1918	3.00716411834
1919	3.00252360323
1920	3.00202497152
1921	2.9970909853
1922	3.00431540002
1923	2.99559218844
1924	3.00132229753
1925	3.00147964082
1926	3.00625351998
1927	2.99639410926
1928	3.00082946554
1929	3.0004282143
1930	2.99853274589
1931	2.99254072772
1932	3.00704568687
1933	2.9920042129
1934	3.00971137232
1935	3.00020998882
1936	3.00888723837
1937	3.01156858816
1938	2.99403698022
1939	3.01084767739
1940	3.0088402862
1941	3.01138328172
1942	2.9990627692
1943	2.99902309573
1944	3.01718920628
1945	3.00736506873
1946	3.00425109976
1947	3.01381384595
1948	3.01664530147
1949	3.02409119965
1950	3.02038425779
1951	3.03164059576
1952	3.03512421138
1953	3.02815389673
1954	3.03561100819
1955	3.03304797055
1956	3.04526792264
1957	3.05873496688
1958	3.06229734766
1959	3.07682916001
1960	3.07377171939
1961	3.09820353023
1962	3.1067625332
1963	3.11754339732
1964	3.11960014937
1965	3.13930355085
1966	3.16582436566
1967	3.1771411919
1968	3.18875859443
1969	3.21250117912
1970	3.23605823009
1971	3.26574883094
1972	3.28070643614
1973	3.30760783277
1974	3.33922176845
1975	3.37417053383
1976	3.38776103503
1977	3.42437882021
1978	3.4478140051
1979	3.49916863324
1980	3.51796121864
1981	3.55721300128
1982	3.5881508656
1983	3.63139574372
1984	3.66802710437
1985	3.69851043746
1986	3.72187129076
1987	3.76504554649
1988	3.78235541124
1989	3.82521377803
1990	3.85444117939
1991	3.87086612711
1992	3.89931583158
1993	3.91975753277
1994	3.944804979
1995	3.96093836436
1996	3.97737598536
1997	3.98962226533
1998	4.01794482499
1999	4.01064206927
2000	4.03084852042
2001	4.03154081317
2002	4.02078300205
2003	4.00984109626
2004	4.00823086255
2005	3.9973902361
2006	3.99344011613
2007	3.96568235102
2008	3.95111340309
2009	3.93388318834
2010	3.89562779337
2011	3.86926002693
2012	3.85783543856
2013	3.82098406644
2014	3.7829465937
2015	3.75280304141
2016	3.71802035661
2017	3.70096917417
2018	3.6492966763
2019	3.62558470921
2020	3.58265384695
2021	3.55272425975
2022	3.53275279135
2023	3.49648196154
2024	3.44973234655
2025	3.42716499643
2026	3.39934032694
2027	3.36731317384
2028	3.34091150087
2029	3.31328478509
2030	3.27581417315
2031	3.2516545576
2032	3.23371925275
2033	3.22281025647
2034	3.19220541224
2035	3.16718164785
2036	3.15188377995
2037	3.13972932908
2038	3.13390116569
2039	3.11304860131
2040	3.09376512872
2041	3.08958744819
2042	3.07139541824
2043	3.06202582316
2044	3.06690944695
2045	3.05861407601
2046	3.03949804346
2047	3.04030964661
2048	3.04021335682
2049	3.03595882498
2050	3.0304030371
2051	3.01363921919
2052	3.0217254921
2053	3.0223560031
2054	3.009710651
2055	3.01482293887
2056	3.00460960026
2057	3.00928746843
2058	2.99929820559
2059	2.99856982894
2060	3.00510484129
2061	2.99513066164
2062	2.99461607554
2063	3.00992606629
2064	3.01111569068
2065	2.99235981939
2066	3.00201168483
2067	3.00130127366
2068	3.00644196284
2069	2.99349349579
2070	3.0016024175
2071	2.99594992661
2072	3.00946948174
2073	2.99698837072
2074	3.00919688896
2075	3.00827172917
2076	3.00598994216
2077	2.99772077968
2078	3.00403026588
2079	2.99473860213
2080	3.00709808239
2081	2.9916295101
2082	3.00651322537
2083	2.99399416182
2084	2.99082283449
2085	2.99542497044
2086	3.00416049656
2087	2.99628226349
2088	3.0024630236
2089	3.00764396234
2090	3.00413416134
2091	2.99136448822
2092	2.99654058267
2093	2.99933192778
2094	2.99843462426
2095	2.99495877981
2096	3.00747049402
2097	3.00600589203
2098	2.99621536689
2099	3.00304563099
2100	2.99833414393
2101	3.00441708772
2102	2.99400736523
2103	2.99663487611
2104	2.99320233733
2105	3.00968021896
2106	3.00831431581
2107	3.00195995379
2108	2.99738991725
2109	2.99759753979
2110	2.99413957889
2111	3.00217300625
2112	3.00327604726
2113	3.00898693422
2114	2.99200816238
2115	3.0047130299
2116	3.00491617223
2117	3.00975259181
2118	2.99724941499
2119	3.00416848082
2120	2.99896592077
2121	2.99424177025
2122	3.00888794067
2123	3.00695102825
2124	2.9962537821
2125	2.9960976369
2126	2.99910342563
2127	3.00092303801
2128	2.99431717931
2129	3.00785068275
2130	3.00038616407
2131	2.99593553662
2132	3.00927637319
2133	3.0038749331
2134	2.99746608711
2135	3.00225183953
2136	2.99752366299
2137	3.00283654896
2138	2.99849134015
2139	3.00885382978
2140	3.00988593198
2141	2.99914897557
2142	2.99995354031
2143	2.99698761778
2144	3.00935629879
2145	2.99638499125
2146	2.99674383929
2147	2.99302785894
2148	2.9940737922
2149	2.99251760108
2150	3.003490758
2151	3.00578581007
2152	2.99491645851
2153	2.99551453681
2154	3.00434932331
2155	2.99613515381
2156	3.00959505046
2157	3.00692968042
2158	3.00574106558
2159	3.0016327045
2160	2.99367272389
2161	2.994008264
2162	3.00131481252
2163	3.00084118757
2164	2.99284494025
2165	2.99108490775
2166	2.9963678598
2167	2.99723642851
2168	3.00585389903
2169	2.99644663314
2170	3.00712318836
2171	3.00712739964
2172	2.99434009476
2173	3.00831074269
2174	2.99817010465
2175	3.00555903671
2176	2.99539545375
2177	3.00894666132
2178	2.9942225827
2179	3.00390552641
2180	2.99422016995
2181	3.00539014648
2182	3.00736866047
2183	3.00478733071
2184	2.99035346247
2185	2.99912903393
2186	2.99126247142
2187	2.99446508807
2188	2.99078927215
2189	3.00668521444
2190	3.00436858295
2191	2.99151336478
2192	3.00937449407
2193	2.99194497069
2194	3.00936077329
2195	2.99879251368
2196	3.00162308614
2197	2.99629768317
2198	2.99972268775
2199	3.00095555396
2200	2.99004424571
2201	2.99826443902
2202	3.00304633419
2203	2.99446157744
2204	3.00547169571
2205	3.00188801607
2206	3.0092986999
2207	3.00743007436
2208	2.99081206465
2209	3.00750776786
2210	2.99327752354
2211	2.99449811021
2212	3.00409789036
2213	3.00195072582
2214	3.00891777736
2215	3.00486535262
2216	2.99250528759
2217	3.00724408756
2218	3.00610212471
2219	3.00565830286
2220	3.00678079021
2221	2.9999732543
2222	2.9990021332
2223	3.00166800151
2224	3.00772049756
2225	3.0042846114
2226	2.99753431153
2227	3.00842116199
2228	3.00447267217
2229	2.99823585047
2230	2.99146908111
2231	2.99701111146
2232	3.00096376788
2233	2.99976099406
2234	3.00058107459
2235	2.99969500317
2236	2.99764735781
2237	3.00599116988
2238	3.00676665764
2239	3.00106854
2240	2.99663409424
2241	3.00621695363
2242	3.00978297729
2243	3.00074695072
2244	3.0051053639
2245	2.99477438272
2246	2.99550316561
2247	3.00565913727
2248	3.00845835067
2249	3.00892457492
2250	3.00017155453
2251	3.00219340515
2252	2.99084805186
2253	3.00760312193
2254	3.00836978774
2255	3.00468204844
2256	2.99097790596
2257	3.00320671108
2258	3.00357670841
2259	2.9934611153
2260	2.99689440436
2261	3.00512825254
2262	3.00207005925
2263	3.00223416192
2264	2.9992109768
2265	2.99181705846
2266	3.0050538759
2267	2.99496081352
2268	2.99201256239
2269	3.00457497303
2270	2.9948873453
2271	3.0018420671
2272	3.00161165802
2273	3.00479925518
2274	3.00354380614
2275	2.995658426
2276	2.99940321184
2277	2.9982518344
2278	2.99116151141
2279	2.99629793668
2280	3.00464103861
2281	2.99903794638
2282	3.00785455321
2283	2.9935220336
2284	3.00330654436
2285	3.00388960135
2286	2.99391130608
2287	3.00835198651
2288	3.0028912584
2289	2.99127877369
2290	3.00981738926
2291	3.0039795737
2292	2.99034978281
2293	3.00803300189
2294	2.99734942543
2295	2.99044795653
2296	2.99170529833
2297	3.00711036574
2298	3.00041893945
2299	3.00693766662
2300	3.00214662714
2301	3.0030667734
2302	3.0083680704
2303	3.00447760253
2304	3.00150628918
2305	3.002008088
2306	2.99163537999
2307	3.00494523768
2308	2.99441152412
2309	2.99636443794
2310	2.99675695782
2311	2.99527935387
2312	2.9959182646
2313	2.99924921872
2314	2.99350615795
2315	2.99486091652
2316	3.00750030758
2317	2.99476070058
2318	3.00329627894
2319	3.000746225
2320	2.99476192988
2321	2.99378041626
2322	2.99185159097
2323	2.99648534105
2324	2.99648085062
2325	3.00716753077
2326	2.99122215425
2327	2.99810010789
2328	2.99769506711
2329	2.9944566185
2330	2.99828458663
2331	2.99699312099
2332	3.0031712478
2333	2.99473524098
2334	2.99363246085
2335	3.00385480264
2336	3.00186670752
2337	2.9965708979
2338	3.0087058877
2339	2.99127098919
2340	3.00733347165
2341	2.99270314003
2342	3.00243269221
2343	2.99442837558
2344	2.99701003085
2345	3.00590391706
2346	3.00520279345
2347	2.99424589486
2348	3.00345885655
2349	2.99813628294
2350	3.00430181745
2351	3.00129033765
2352	3.00774360592
2353	3.00898256046
2354	3.00370954765
2355	2.99919068671
2356	2.99989988832
2357	3.00017720811
2358	3.00129167098
2359	2.99634074802
2360	2.9995627395
2361	3.00834343161
2362	2.99973341112
2363	2.99654240257
2364	2.99658944104
2365	3.00748124944
2366	2.99334117868
2367	3.0036630604
2368	3.00737308138
2369	2.99250232136
2370	3.00221244765
2371	3.00920113701
2372	3.00826298178
2373	2.99024210116
2374	2.99983111579
2375	2.99387981354
2376	3.00638673886
2377	3.0055029907
2378	3.0069726749
2379	2.99996990874
2380	2.99870943999
2381	2.99820145797
2382	3.00093513284
2383	3.00973446311
2384	3.00726181262
2385	3.00477385595
2386	3.00266681032
2387	2.99832154207
2388	3.00802887121
2389	3.00066494415
2390	3.00005934919
2391	2.99619583636
2392	2.99205608832
2393	3.00370495712
2394	2.99614174622
2395	2.99273041259
2396	3.00976214417
2397	3.00423899241
2398	3.00763853799
2399	2.99674918086
2400	2.99411493262
2401	3.00642526784
2402	3.00424539302
2403	3.00165521971
2404	3.00979045956
2405	2.99544734253
2406	2.99380200887
2407	2.99057207475
2408	3.00330188986
2409	3.00052049466
2410	3.00586843845
2411	3.00206657022
2412	2.9935959681
2413	3.00860686542
2414	2.99853024926
2415	2.99577131052
2416	3.00557987091
2417	2.99096409317
2418	3.00989566175
2419	3.00169402819
2420	3.0072924362
2421	2.99575733295
2422	3.0028415096
2423	2.99120327594
2424	2.99695156668
2425	3.00099140287
2426	3.00625231894
2427	3.00837471085
2428	2.99598960516
2429	3.00610920635
2430	3.00701921693
2431	2.99605628501
2432	3.00647609253
2433	2.99859106909
2434	3.00516722391
2435	2.9997309418
2436	2.99914040586
2437	3.00279662258
2438	2.99031640505
2439	2.9976783806
2440	3.00573854766
2441	3.00536728028
2442	3.00061404443
2443	2.9921232219
2444	2.99195212658
2445	3.00496042139
2446	3.00883834784
2447	2.99617557593
2448	3.00407352772
2449	3.00809001171
2450	3.00721324926
2451	3.00371464953
2452	3.00942244381
2453	2.9930477295
2454	2.99424174331
2455	2.99065575443
2456	2.99492533605
2457	3.00308202206
2458	2.99804602635
2459	3.00893475921
2460	2.99095937423
2461	3.00514818968
2462	2.99810747052
2463	3.00675307649
2464	2.99999469897
2465	2.99942183644
2466	3.00399056917
2467	3.00428145067
2468	2.99627571273
2469	3.00479537268
2470	2.99143984311
2471	3.00261979595
2472	3.00590180315
2473	3.00660548925
2474	3.00642054498
2475	3.00837313195
2476	3.0026918192
2477	2.99854015249
2478	2.99043150402
2479	3.00883359793
2480	2.99748396951
2481	2.99944019656
2482	3.0033288304
2483	3.00010495797
2484	3.00380833703
2485	2.99164911609
2486	3.0015494399
2487	3.00272783828
2488	3.00674385144
2489	3.00757386273
2490	3.00495915186
2491	2.99768259948
2492	3.00769135159
2493	3.00297283845
2494	3.00546111448
2495	2.99262822653
2496	2.99150863859
2497	2.99374241114
2498	3.00281300074
2499	3.00060083401
2500	2.99264136948
2501	2.99728660447
2502	2.99296718716
2503	2.99998672587
2504	3.00733617598
2505	2.99575555577
2506	3.00508397665
2507	2.99085427227
2508	2.99113490961
2509	3.00214406141
2510	3.00230002656
2511	3.00327545569
2512	3.00506839522
2513	2.99900337586
2514	3.00207626009
2515	3.00989362893
2516	3.00883635229
2517	3.00031700362
2518	2.99868179525
2519	2.99509294082
2520	3.00868023263
2521	2.99563286106
2522	3.00813169536
2523	2.99907724495
2524	2.99522958346
2525	3.00357617674
2526	3.00802307856
2527	2.99814744574
2528	3.00418179617
2529	3.00303068319
2530	3.00794865119
2531	3.00193566778
2532	3.00440401426
2533	2.99613133653
2534	3.00201453583
2535	3.00241870691
2536	3.00238195783
2537	2.9976574568
2538	2.99841145196
2539	3.00681663325
2540	3.00905935505
2541	3.00461107302
2542	3.00052595052
2543	2.99798926208
2544	3.00180880805
2545	3.00273750472
2546	3.01630159762
2547	3.00488787039
2548	3.00990893179
2549	3.02408355755
2550	3.01188686634
2551	3.02723378274
2552	3.03572649564
2553	3.02118838352
2554	3.04045607799
2555	3.03420015376
2556	3.04421132319
2557	3.04887648968
2558	3.06587495212
2559	3.06410258643
2560	3.06988576185
2561	3.0928309969
2562	3.1106196816
2563	3.11909740472
2564	3.13084178098
2565	3.14148849953
2566	3.16263141368
2567	3.1771052099
2568	3.18806930377
2569	3.21759677411
2570	3.24426373045
2571	3.26828780084
2572	3.29111958824
2573	3.30400686767
2574	3.3288944024
2575	3.35731796753
2576	3.40313323541
2577	3.41985658927
2578	3.45546155059
2579	3.48239949761
2580	3.52348430772
2581	3.56085169157
2582	3.59183155179
2583	3.61859524419
2584	3.66401032241
2585	3.69871444247
2586	3.72741349716
2587	3.75924065197
2588	3.79041322807
2589	3.82213232855
2590	3.856014166
2591	3.87325153006
2592	3.89709876401
2593	3.92194643435
2594	3.95494763019
2595	3.97497216752
2596	3.98756844523
2597	3.99883713763
2598	4.00225395827
2599	4.01526324983
2600	4.02974115341
2601	4.0286689799
2602	4.03078927156
2603	4.02381529929
2604	4.01514752149
2605	3.99103793789
2606	3.98428900254
2607	3.96122390752
2608	3.94228703849
2609	3.92769050944
2610	3.90908269576
2611	3.88713638763
2612	3.85606320405
2613	3.81953015335
2614	3.78567502209
2615	3.7627929881
2616	3.7223819401
2617	3.6879214613
2618	3.65410093676
2619	3.6212072297
2620	3.59444351026
2621	3.55885934031
2622	3.53145015251
2623	3.49698385645
2624	3.4511025221
2625	3.42573146377
2626	3.39902787198
2627	3.36922239772
2628	3.3411882236
2629	3.31274521852
2630	3.28017980504
2631	3.2683274582
2632	3.23139660003
2633	3.21853923395
2634	3.20105787677
2635	3.16966478095
2636	3.15539714603
2637	3.14216560498
2638	3.1307722952
2639	3.12204496619
2640	3.09953420873
2641	3.08724696918
2642	3.0876085205
2643	3.06090810073
2644	3.05671791779
2645	3.05308570607
2646	3.04210031737
2647	3.03956621854
2648	3.04492645285
2649	3.03468306301
2650	3.01852121114
2651	3.0270511796
2652	3.02050489356
2653	3.01215105604
2654	3.00932962052
2655	3.01605472091
2656	3.01252509341
2657	2.99930648956
2658	3.00113383882
2659	3.01298721181
2660	3.00198241118
2661	3.01334905728
2662	2.99429144396
2663	3.00361498646
2664	3.00165091135
2665	3.00683668148
2666	2.99333577547
2667	2.99591609045
2668	2.99833420471
2669	3.0011617879
2670	3.00295563669
2671	3.01004851426
2672	2.99141271201
2673	2.99677808588
2674	3.00504858481
2675	2.99277121859
2676	2.99913375744
2677	2.99148645803
2678	2.99387090792
2679	2.99796586794
2680	3.00028396584
2681	2.99678193078
2682	3.00880631665
2683	2.99614909859
2684	2.99868367836
2685	3.00318788495
2686	3.00830869071
2687	2.99730503345
2688	3.00527545539
2689	3.00322923748
2690	2.99638429344
2691	3.00497019606
2692	3.00197958918
2693	2.99007863686
2694	3.00184049069
2695	2.99163481218
2696	3.0084606757
2697	3.0044781887
2698	2.99879521294
2699	2.99131601062
2700	2.99276373252
2701	2.99749238941
2702	3.00411208995
2703	2.99351824419
2704	2.99082647064
2705	2.99543461112
2706	2.99669376044
2707	2.99362516512
2708	2.99032372121
2709	2.99386459661
2710	2.99519070949
2711	3.00833219675
2712	3.00951170031
2713	2.99578007176
2714	3.00647655199
2715	2.99857893734
2716	3.00136912418
2717	2.99545752437
2718	3.00753363927
2719	2.99985594962
2720	3.00007920753
2721	2.99899493026
2722	3.00391517279
2723	2.99279030735
2724	2.99019643671
2725	3.00375820995
2726	2.99364597295
2727	2.99558271738
2728	2.99873567664
2729	3.00643882196
2730	2.9977367852
2731	3.00282865269
2732	2.99603244993
2733	2.99856758634
2734	3.00887649819
2735	2.99278658803
2736	3.00412507607
2737	2.99859763244
2738	2.99632547809
2739	2.9919166147
2740	2.99493640528
2741	2.99715726462
2742	2.99464941906
2743	3.00226741914
2744	3.00065834444
2745	2.99265974002
2746	3.00250554322
2747	2.99568455233
2748	2.9958827781
2749	3.00319868608
2750	2.99573186256
2751	3.00175026498
2752	2.99132913831
2753	3.00402769635
2754	3.00769839135
2755	3.00588754029
2756	3.00579742767
2757	2.99365958435
2758	2.99413106932
2759	3.00855513943
2760	3.00953150087
2761	2.99846172069
2762	2.99172388168
2763	3.00182034581
2764	2.99132668463
2765	3.00795377816
2766	3.00486301188
2767	3.00363897296
2768	3.00165794881
2769	2.99981318067
2770	3.0083210526
2771	2.9957485369
2772	3.00746833273
2773	3.00814222922
2774	3.00276613537
2775	3.00768545891
2776	3.00404142684
2777	2.99453499793
2778	2.99681404165
2779	3.00208035401
2780	3.00915321852
2781	2.99134205165
2782	2.99298450547
2783	2.99757814218
2784	3.00113586669
2785	3.00633102588
2786	3.00574897944
2787	3.00007031704
2788	3.00718322279
2789	2.99502231822
2790	2.99175292642
2791	2.99899952762
2792	2.99202964525
2793	3.00783018824
2794	2.99096165247
2795	3.00282118494
2796	3.00084178862
2797	3.00341458164
2798	2.99941984777
2799	2.99658680835
2800	3.00949810806
2801	3.00986696627
2802	3.00741255542
2803	3.00314081489
2804	2.99477963173
2805	2.99343275797
2806	3.00570609675
2807	3.00809747735
2808	2.9911266526
2809	3.00472453896
2810	2.99408320307
2811	2.99306368096
2812	3.00014649118
2813	2.99734142303
2814	2.99853651615
2815	2.99089806701
2816	3.00984261425
2817	2.99476118236
2818	3.00528102624
2819	2.99660744795
2820	3.00629051228
2821	2.99289500862
2822	2.99126691492
2823	3.00195979377
2824	3.00321606688
2825	2.99799875805
2826	3.00126138385
2827	2.9977877035
2828	2.99183740214
2829	3.00500390811
2830	2.99029950956
2831	2.9956939385
2832	2.99277662111
2833	3.00553689794
2834	3.0053649625
2835	2.99494174319
2836	2.99070217934
2837	2.99462148145
2838	2.99456436288
2839	2.99065049827
2840	3.00721828649
2841	2.99024265241
2842	3.00896450131
2843	2.99378709088
2844	3.00815678558
2845	3.00487682983
2846	3.00581055756
2847	3.00439039961
2848	3.00815095598
2849	3.00860605956
2850	3.00191240557
2851	3.00995736303
2852	3.00133112776
2853	3.00522039498
2854	3.00229687584
2855	2.99445032774
2856	3.00403081446
2857	3.00729997237
2858	2.99713136656
2859	3.00137146658
2860	3.007281742
2861	2.99060358363
2862	3.00902946133
2863	2.99005420278
2864	2.99006136262
2865	3.00369771105
2866	2.99659059126
2867	2.99354215701
2868	3.00543225405
2869	3.00779772049
2870	2.99188384457
2871	3.00672734729
2872	3.00761361426
2873	2.9912175076
2874	2.99478127007
2875	2.99570101925
2876	3.00479558049
2877	2.99443999443
2878	2.99791202177
2879	2.99743651175
2880	3.00210364348
2881	2.99983697665
2882	3.00728175322
2883	2.9950925896
2884	3.00642894058
2885	3.00099745897
2886	2.99419714418
2887	3.00977558997
2888	2.99161486361
2889	3.00540208964
2890	3.0003710302
2891	2.99281046239
2892	3.00825525426
2893	3.00723867145
2894	3.0057010987
2895	3.00920937751
2896	3.00290404964
2897	2.99145404467
2898	2.99909148341
2899	3.00227715809
2900	3.00094499649
2901	4.500233274726223
2902	4.509529264980355
2903	4.508123829864931
2904	4.506842451401717
2905	4.496234606354842
2906	4.508388377668815
2907	4.4925074543016565
2908	4.504454256388013
2909	4.491534482686271
2910	4.494069943973202
2911	4.495287793579764
2912	4.496424425190946
2913	4.491254760467055
2914	4.506887718523455
2915	4.4990378217178435
2916	4.50520193365601
2917	4.4976017841285705
2918	4.509485205205973
2919	4.4920343108717375
2920	4.495870979157734
2921	4.490033085368269
2922	4.506466181143485
2923	4.490574109561995
2924	4.498020180342476
2925	4.494986201525693
2926	4.492391664972673
2927	4.507820080799187
2928	4.500820316639646
2929	4.499311354903786
2930	4.509452490002026
2930	2.99357810017672
2931	3.006867592825098
2932	2.9944291472838582
2933	3.004090398820966
2934	3.0060511538857795
2935	3.0077962897690225
2936	2.9916450297652677
2937	2.9950624164095863
2938	2.9950640972908027
2939	2.993681851784999
2940	3.009395933234372
2941	3.0059874224604832
2942	2.990348140853595
2943	2.99538116962876
2944	2.9925014743555516
2945	2.9922292261974763
2946	3.007399480881683
2947	2.994390530481649
2948	3.0029757782956215
2949	3.0079306478318957
2950	3.0018955553427107
2951	2.9939791398175526
2952	2.997468548374293
2953	3.003353578118573
2954	2.993546139035845
2955	2.9949514388227843
2956	2.9948945996945073
2957	3.0034347215874235
2958	3.007588479198762
2959	2.996531434376749
2959	3.2923300621768634
2960	3.3036402211368476
2961	3.300897540550859
2962	3.3010699275310027
2963	3.3061863341629913
2964	3.295440339846111
2965	3.290084415197509
2966	3.29124742623079
2967	3.2916465187162154
2968	3.305336842683553
2969	3.2900700710517006
2970	3.3049264217915364
2971	3.2956593362929114
2972	3.3099150162757023
2973	3.2982216354507075
2974	3.302180242421733
2975	3.3066404749779528
2976	3.2998174843438184
2977	3.2991074851238973
2978	3.305818274237638
2979	3.307303509988647
2980	3.3031402092072852
2981	3.307071694139562
2982	3.294223800583488
2983	3.292287484120495
2984	3.305967617846251
2985	3.2959481628172687
2986	3.2948261113785855
2987	3.306622682835843
2988	3.2923848190540754
2988	3.009983281673203
2989	3.0040513106279665
2990	3.0061768773234516
2991	3.008393061855178
2992	3.003738275058289
2993	2.990510975149768
2994	3.005757238766517
2995	2.990151606235374
2996	3.0021348515748714
2997	2.9975822764666376
2998	2.997401329541599
2999	3.006328870072554
3000	3.0097916275135583
3001	3.001408168161559
3002	3.0052818707589983
3003	3.0038872803520738
3004	3.0079007525566848
3005	2.991629818845821
3006	3.007147350788164
3007	2.9989502143855784
3008	2.990287847003621
3009	2.9908195068602548
3010	3.008908937658202
3011	3.001455709442039
3012	3.0020010297655815
3013	3.0036367932543695
3014	2.996149947568013
3015	3.0007007898184552
3016	3.004819106095712
3017	3.0013680157149007
3017	4.997738602778722
3018	4.990434699648346
3019	5.008822249082708
3020	5.009930876031198
3021	4.997518078436381
3022	5.002657529487589
3023	5.009097646384732
3024	5.005309519670019
3025	5.002202284392451
3026	5.002932043323119
3027	5.004890437527623
3028	5.0000131923715765
3029	5.006736388785581
3030	4.997875215196326
3031	5.008427495595094
3032	5.008721814016943
3033	5.009224397793426
3034	5.0008012370066055
3035	4.993268937383519
3036	4.999771915616803
3037	5.003521455335509
3038	5.004487566995028
3039	4.996034950276965
3040	4.992046052578726
3041	4.997097777856158
3042	5.00312105739307
3043	4.997619794684164
3044	4.994929414563004
3045	4.9974618093653795
3046	4.990341759746155
3046	3.005573658682665
3047	3.0006001393519948
3048	3.0041823472390243
3049	3.0013985676063584
3050	2.9927933924508956
3051	2.999533383261384
3052	2.994021313650191
3053	3.0058768611600377
3054	3.00908778045574
3055	2.995402083844274
3056	2.997719111580512
3057	3.0043671493192283
3058	3.0072901168028117
3059	2.9992824844421797
3060	2.9950065834003863
3061	3.0028519113080576
3062	2.9961250013949634
3063	3.008738554147967
3064	2.9942306522835653
3065	3.008206526999558
3066	3.007262329747451
3067	3.003218056865533
3068	3.0020217197903136
3069	3.0055350244371293
3070	2.9943448638275925
3071	2.992792992775655
3072	3.002490943510816
3073	3.00891950326895
3074	2.999266473046191
3075	2.991070941510332
3075	3.493058046346083
3076	3.4959791768141097
3077	3.5040232286421014
3078	3.5031534238139734
3079	3.494775006141415
3080	3.507225047316796
3081	3.4929776379101467
3082	3.5024004255290353
3083	3.495887564743624
3084	3.5052063528384125
3085	3.4961015471351633
3086	3.495565271588868
3087	3.491793763199278
3088	3.49250625749424
3089	3.499937299626232
3090	3.5074372531260565
3091	3.4948689348731143
3092	3.500090320723774
3093	3.4928030522160616
3094	3.4900942556993644
3095	3.4909271188970434
3096	3.498646694813594
3097	3.4908132251682256
3098	3.5046802438006064
3099	3.4982060794758203
3100	3.5042345248870395
3101	3.505187645390099
3102	3.4994144225681634
3103	3.503078846186473
3104	3.493215648613935
3104	3.0076189670249605
3105	3.0083392139419867
3106	3.0066418032731477
3107	3.0037461545477147
3108	3.0036839492159566
3109	3.0022780935123543
3110	2.99303588969189
3111	2.990157242770663
3112	2.990553497570266
3113	3.0013002231338555
3114	3.003233648642888
3115	2.9957887185436127
3116	2.998137588438886
3117	3.0014410553899866
3118	3.000966686308921
3119	2.9933760935358675
3120	2.9962633290333955
3121	3.003214545841005
3122	3.00654551160384
3123	2.995773040177129
3124	3.009463215429867
3125	3.0007079828609013
3126	3.0020990083835764
3127	2.9926180733715166
3128	3.003653237152515
3129	2.995976957284004
3130	3.0003399324440685
3131	2.997916020359207
3132	2.990402541891926
3133	2.994725236557475
3134	3.009003957368131
3135	3.000547643647471
3136	2.9956525480516247
3137	3.002903889276731
3138	3.003494218737452
3139	2.9962913620032694
3140	3.0076438624014434
3141	2.9924035033824805
3142	3.0035100626304296
3143	2.991644179026598
3144	2.9949943268969834
3145	2.9918313115850044
3146	2.999794840151958
3147	3.004361986500496
3148	3.0077067105966133
3149	2.9917137117733237
3150	3.000701728103905
3151	3.007043861498851
3152	2.9938415349872978
3153	2.9965644228105908
3154	3.00586113198405
3155	3.003121418305222
3156	3.006738959290394
3157	3.0006185140041266
3158	2.9922322383568503
3159	3.0096618212746544
3160	2.993152699461082
3161	2.994560077180209
3162	2.999924035390099
3163	3.0091647513139934
3164	2.9940471053774766
3165	3.0016937740593725
3166	3.007053541467406
3167	3.0023754626051486
3168	3.0025546643961483
3169	3.000318325455772
3170	2.998519370816692
3171	2.995247530810988
3172	3.002969664354119
3173	2.994565804410555
3174	2.9969331132885273
3175	3.003689925720371
3176	2.99695755821512
3177	2.997981675854501
3178	2.993605126059224
3179	2.991371984127295
3180	2.992503113885169
3181	2.9941574666959467
3182	2.9904372405551074
3183	3.004200247499334
3184	3.0090697764609398
3185	2.9909184905320654
3186	3.001791704671086
3187	2.990557714131454
3188	2.998840932470818
3189	2.9917872562562375
3190	3.004258447230787
3191	3.0012718719668574
3192	2.9995960917403313
3193	2.9961152557324
3194	3.006428227603401
3195	3.0019786393899746
3196	2.998702244680085
3197	2.9939390948863718
3198	3.0077598623089394
3199	2.9946955113565097
3200	2.9922985506948017
3201	2.9989293758578053
3202	2.999213844860633
3203	2.9990323677768242
3204	3.0037194645011365
3205	3.0037944557763616
3206	2.9952723782616695
3207	2.992134487682694
3208	3.0047623378537796
3209	2.997822003683047
3210	3.008613753643419
3211	2.994534855741556
3212	3.004471621621515
3213	3.0041934138240007
3214	2.999619094194062
3215	2.992812168412014
3216	3.0061763160820827
3217	3.004338168504458
3218	3.003210130390267
3219	3.005691011726263
3220	2.9902158922863253
3221	2.997996979032046
3222	2.9904847090933626
3223	3.004254730338477
3224	3.0068727703834695
3225	2.9951404607249206
3226	3.009932471785448
3227	2.99569442563378
3228	3.0055359954137892
3229	3.0090034989033474
3230	2.9909816144530343
3231	3.007546959090385
3232	3.0071079434980303
3233	3.0048776759399276
3234	2.990829904490784
3235	2.998288858153789
3236	2.993771178532248
3237	3.0031798354948918
3238	2.999789295259501
3239	2.999757482472385
3240	3.0092652209535826
3241	2.997277952723162
3242	2.996987739455051
3243	3.007209324518974
3244	2.9970647509943653
3245	2.995317841376515
3246	2.9907682252009873
3247	3.009316557363444
3248	2.994075498377746
3249	3.0067770395901565
3250	3.002039669833667
3251	2.998865954461184
3252	3.001033472728783
3253	3.009948669196904
3253	2.50322283007973
3254	2.491182280340652
3255	2.508002160441943
3256	2.4953720877681564
3257	2.4958980997412707
3258	2.509499230150428
3259	2.5073825366157756
3260	2.492475539997145
3261	2.5058455283650543
3262	2.505937848303986
3263	2.5032148343941785
3264	2.497526646623281
3265	2.504924006020171
3266	2.4966082929473368
3267	2.506788067007485
3268	2.503084667173756
3269	2.4980226944521657
3270	2.508473700139611
3271	2.503593349091617
3272	2.4979822190686853
3273	2.4973480641919448
3274	2.4980295005535016
3275	2.5037017583854486
3276	2.497983253588756
3277	2.5049876392935935
3278	2.5092939686218023
3279	2.5021815734935866
3280	2.4961659173966964
3281	2.4965259999164084
3282	2.4906470862222196
3282	2.993428286165982
3283	2.9931377981283966
3284	2.9906726946323943
3285	2.993637875176931
3286	3.0033550481392486
3287	2.99971572809314
3288	2.992495888156562
3289	2.9943533771276627
3290	2.9922073433603864
3291	2.9997467432757263
3292	3.007775607061331
3293	3.0060018559361907
3294	2.9940668119564124
3295	3.008177562905875
3296	2.990351121346404
3297	3.004951956187735
3298	3.0074822996145176
3299	3.004974674768048
3300	2.9978344119651816
3301	2.9970313443530614
3302	3.009910939375565
3303	3.001895422890281
3304	2.9959913470448325
3305	3.000943217925319
3306	3.005189652289691
3307	2.9931157085480717
3308	3.0069190116686175
3309	2.9997621291430026
3310	2.9997239994045386
3311	2.996062493273022
3312	3.001900828685476
3313	2.9976281725879903
3314	3.0098353432716203
3315	2.9919888369648118
3316	3.002693634229956
3317	2.9905166220333794
3318	3.008683503365578
3319	3.003061502890123
3320	2.998703418666097
3321	2.9999970633893804
3322	2.9919535685486522
3323	3.0092234289039412
3324	2.9901836048734105
3325	3.005259403912758
3326	2.990364568024467
3327	3.005079446009514
3328	3.0014629214773554
3329	2.9942248942738434
3330	3.009075891470675
3331	3.008681336343318
3332	2.9980262944329046
3333	3.008474542042323
3334	2.999087467360861
3335	2.9919325654768203
3336	2.9942277589570003
3337	3.002118085728158
3338	3.005798105449072
3339	3.0050299021155893
3340	2.9908048955241546
3341	3.004511908160102
3342	3.006989841920186
3343	3.000257890043643
3344	3.0035386216047884
3345	3.008114978191502
3346	2.993624435347463
3347	3.000685906625783
3348	2.9906931122081106
3349	2.998050352690001
3350	2.9954399339523463
3351	3.0049038416357274
3352	3.0015137806789496
3353	3.008333051944791
3354	2.9980968451101493
3355	3.009168124392499
3356	3.003106861304651
3357	2.9993287590684763
3358	2.9947805522300754
3359	2.998625200640925
3360	3.008321935423615
3361	2.9944905407244624
3362	2.997368894212167
3363	2.99477780801934
3364	3.0070866893807158
3365	3.0081046294784106
3366	2.992454331136835
3367	3.005111516278372
3368	3.0044173792926983
3369	3.0080533133622116
3370	3.0076636956429814
3371	2.991917131729194
3372	2.9948304759877398
3373	2.991039555497773
3374	3.005647275897963
3375	3.009321636417288
3376	2.9947194734962657
3377	3.000567083982615
3378	2.9982573750176287
3379	3.0055206778586476
3380	2.991455272893768
3381	2.991212642724548
3382	2.997371716901604
3383	2.9921997554071322
3384	3.006661077925829
3385	2.9994431975023628
3386	2.997843768606862
3387	3.008719295079812
3388	3.001403428305051
3389	3.002977761542317
3390	3.002655828620937
3391	2.994898439005906
3392	2.9941761173583266
3393	3.00032774326447
3394	2.994028149132182
3395	2.9988475522251363
3396	2.9959766908961183
3397	2.992414489323873
3398	2.9933649382840444
3399	2.9985314366979376
3400	2.995039462603639
3401	3.000409740632963
