1 0.00633082892611
2 -0.00229553662751
3 0.0085622713787
4 0.000267377402895
5 0.0041242546212
6 -0.0159524293385
7 -0.00616821354583
8 -0.00339188959561
9 -0.00358228451776
10 -0.022844390446
11 -0.0010266420665
12 0.012397467218
13 -0.0053769927393
14 -0.00791271283996
15 -0.00873168358479
16 0.00605515860382
17 0.0125653640218
18 0.00493269286295
19 -0.00503303115243
20 -0.00535125482682
21 -0.0105099030523
22 0.00719049814027
23 0.0105055361575
24 0.00348916164964
25 0.0249311067889
26 -0.00303621042201
27 0.0164362473382
28 0.00437739523553
29 0.00343777006482
30 -0.00260665660783
31 -0.00415180746245
32 -0.00901795235918
33 0.00603505199528
34 0.0249814486808
35 0.00121890747566
36 0.00742407758837
37 0.0139282064773
38 -0.00593442422336
39 0.0102523183572
40 0.0119838372874
41 -0.00128031713895
42 -0.0132293264139
43 -0.0134768031488
44 0.00264032495342
45 0.00421655449458
46 -0.00932157953233
47 6.00591932547e-05
48 0.0161986282033
49 0.00907241288824
50 -0.00716841067011
51 -0.00214998231088
52 -0.00167431318134
53 -0.0122368167924
54 -0.0100203660115
55 0.00977315322858
56 -0.00710349631013
57 0.0179469649324
58 0.00350946263281
59 -0.0110614675844
60 -0.0145294696673
61 0.00613863164998
62 0.00158101497191
63 0.00248314769057
64 0.000285801345596
65 0.0024715933674
66 -0.0107044132526
67 0.00566349729983
68 0.00713722706625
69 0.00248094510821
70 0.00234297266174
71 0.01838391534
72 0.00651836675216
73 -0.0123039555597
74 0.0118794328792
75 0.0135246163938
76 0.0161774068358
77 -0.0063695433572
78 0.00303058736487
79 -0.00381478389023
80 0.0155076560862
81 0.00656529394965
82 -0.00716399991061
83 0.0111165124905
84 0.00801504350099
85 0.00372431160033
86 0.00493494554871
87 -0.00290978142185
88 -0.0015588344241
89 0.0201135243529
90 0.00796342596895
91 -0.00277333646053
92 0.00368823752692
93 0.012577403474
94 0.00330701589664
95 -0.00462860206234
96 0.00216339544123
97 -0.0108165692939
98 -0.0217037574638
99 -0.00508323109767
100 -0.0086919823999
101 -0.00801307549695
102 0.00382554449615
103 0.0125220340825
104 -0.00315553660513
105 0.0197461059975
106 -0.00513280823296
107 -0.0112567414607
108 0.0171186897486
109 0.023056993753
110 0.0139162856246
111 -0.0019253324045
112 -0.0192365286835
113 -0.00891172217813
114 0.0200477475418
115 -0.0133717956542
116 -0.00289510536367
117 -0.00323930687265
118 -0.0112983713614
119 0.00539814115701
120 -0.0243079708985
121 0.0113265577955
122 -0.000837984440471
123 -0.0135577600584
124 -0.00811315562421
125 -0.0221831532221
126 0.00876378046783
127 -0.00980967314823
128 0.00638719058695
129 0.0077134657298
130 0.00700934973551
131 0.00162099617643
132 0.0137536867352
133 0.0208433815661
134 -0.0161648115385
135 0.00313802578278
136 0.00594914829264
137 0.00702926426313
138 -0.00442885381968
139 -0.0271041369326
140 0.00226683013681
141 0.00149267520748
142 0.00610479926681
143 -0.00132986754671
144 0.000214295396514
145 -0.0106786383312
146 -0.0063253530755
147 0.0177865387601
148 0.000391892883845
149 -0.0260498997322
150 -0.00719628423373
151 -0.0145115307766
152 -0.00423032851021
153 0.00717538301685
154 -0.000995638503734
155 -0.00544726650115
156 -0.00135437748295
157 -0.00411665935353
158 0.00650419575681
159 0.000252104892425
160 -0.0102650840645
161 0.00738018775316
162 0.00672836022582
163 -0.0228967340451
164 0.00339096599698
165 0.012115727073
166 0.00496887752861
167 0.0103394236858
168 -0.020615827189
169 -0.0100552555734
170 0.00156691141901
171 0.00946530344062
172 -0.00284950619191
173 0.00961514738496
174 -0.00646351870581
175 0.00315538877763
176 0.0161022659006
177 -0.00433590671166
178 -0.00284363661734
179 0.0148556852408
180 -0.00323193432874
181 -0.000253441444616
182 0.014673229744
183 0.00156480913652
184 -0.00824894567283
185 -0.0018157994595
186 -0.00699584880381
187 -0.0169660215922
188 -0.00324929723219
189 0.00537535212232
190 -0.00803123829067
191 -0.0205485404297
192 -0.0104803386328
193 -0.0018884377627
194 0.0158876758135
195 -0.00534514837619
196 -0.00184209032844
197 -0.00815708621158
198 -0.0110801582603
199 0.00581403050913
200 -0.0123903580452
201 0.0218182488368
202 -0.0216962638206
203 -0.00552697448495
204 -0.00465332563936
205 -0.00415643527683
206 0.0144277108683
207 -0.00871008769713
208 -0.0145503016
209 -0.00330462545959
210 0.00872061949122
211 -0.000628145506201
212 0.00073994091871
213 -0.00940098239123
214 -0.00447048196018
215 -0.00740016260465
216 -0.0103255284377
217 -8.96245482802e-05
218 0.00551737892543
219 0.0209098826392
220 0.023981950984
221 0.0100487274408
222 -0.0077818962831
223 0.00107633454014
224 0.0075601151498
225 -0.0244561059616
226 -0.0126064306159
227 0.00204813372345
228 0.000588027281228
229 -0.00601052868352
230 -0.000570188123365
231 0.0206472401967
232 -0.00772106826785
233 0.00483525588958
234 0.0174032070776
235 -0.00433596659863
236 -0.00523330965116
237 0.00395200045882
238 0.0119938328245
239 0.00756352951653
240 -0.0127807696325
241 -0.00867030811806
242 -0.000489266748963
243 -0.00311351883571
244 0.00690629427267
245 -0.00163393806546
246 0.00713680184317
247 -0.00261310103518
248 -0.000203424172493
249 0.0110222513671
250 0.00729234215752
251 0.0123738420967
252 0.0143978895019
253 0.00972056333541
254 -0.00701378982364
255 0.00458287520912
256 0.0121661337839
257 -0.00159605584614
258 -0.00410733287021
259 -0.00181312489881
260 0.0055676835172
261 0.00258377920978
262 0.00210342600793
263 0.0203489832787
264 -0.00204431293125
265 -0.00102627418547
266 -0.00413661879027
267 0.000735751272391
268 -0.0119450373171
269 0.0143793672711
270 0.0174045617659
271 0.00419334127446
272 -0.00523089460641
273 -0.0101829712954
274 -0.00295725966339
275 -0.00352363519236
276 -0.0016009170422
277 0.00985080231447
278 -0.00516964610814
279 -0.0100694500947
280 0.0128829338839
281 0.00667447257585
282 0.00211253349716
283 0.0196038069218
284 -0.0031593856332
285 -0.000961631231515
286 -0.019166952431
287 -0.00810708918884
288 0.00676342237195
289 -0.0087763821728
290 0.0136409779887
291 -0.000417222216704
292 -0.00463504813902
293 0.00451337787099
294 -0.00257521480346
295 -0.0065949348626
296 -0.0135296874403
297 -0.00493838065194
298 0.0146396595444
299 -0.0101792386923
300 0.0127561975944
301 0.000207244381837
302 0.0129578428998
303 0.00911537504132
304 -0.0164091299148
305 0.00223403829168
306 0.00378544891476
307 -0.016058109674
308 -0.0102820273885
309 0.0111246889904
310 -0.000860997258912
311 -0.0103729242871
312 -0.00830978199692
313 -0.00442272842164
314 0.00489036184658
315 0.00305421881151
316 -0.0149035247899
317 -0.00717274118361
318 -0.0239551866479
319 -0.00198455286417
320 0.00366420360101
321 0.00236054521609
322 -0.0160144609322
323 -0.000426187112989
324 -0.000172269151626
325 0.00380450740459
326 -0.00293718314347
327 -0.00723676807686
328 -0.00204908996632
329 0.00943360875685
330 0.00917844775153
331 0.00545714702007
332 0.00364003053067
333 -0.00656185345107
334 -0.000104097043247
335 0.00385749409718
336 -0.0244006030645
337 0.0160703801648
338 -0.0072342730354
339 -0.00829379472667
340 0.00475496094374
341 -0.00617030324375
342 0.0237658761468
343 -0.0141644105677
344 0.00490509518117
345 0.000578259978892
346 -0.00986823126423
347 -0.000774541293768
348 -0.0083357328299
349 0.000780592812225
350 0.0151901884328
351 0.000177632412891
352 0.0196292466053
353 0.00245244058912
354 0.012323646193
355 0.00198095087348
356 0.0126347209172
357 -0.00615520351062
358 -0.00516356192229
359 0.00355908382526
360 0.0143378483859
361 0.00496085919475
362 -0.00128987222317
363 0.00677053301851
364 -0.00263087057855
365 0.00398998767873
366 -0.00651273940378
367 0.00454180994409
368 0.0131463436147
369 -0.00596311542342
370 0.00978425053278
371 -0.0181804672974
372 -0.00839252921506
373 0.00263059175731
374 0.0140972835764
375 -0.00529722331012
376 0.0174177495099
377 0.0100835201411
378 -0.00478580568638
379 0.0108334021834
380 -0.00547232869495
381 0.00829687526641
382 -0.00760662185058
383 -0.00964078448072
384 0.0121045791323
385 0.00271817745477
386 0.00596038618532
387 -0.0118355162667
388 -0.0034306522269
389 -0.00211228061229
390 -0.00143423300349
391 0.00866550122795
392 0.00736646752849
393 0.0112673965262
394 0.00596617158685
395 -0.0217187723882
396 0.00788976087583
397 -0.00253804691653
398 0.00912821177597
399 0.00935450297933
400 0.00228113766791
401 -0.00132014805533
402 -0.00191473020982
403 -0.00358249642147
404 0.00723384030188
405 -0.00300739180698
406 0.00376608539136
407 -0.00464089702878
408 -0.0138610825184
409 0.00384454785087
410 0.0139437322478
411 0.000886542749818
412 -0.00526392348527
413 0.0190728645267
414 -0.0129672728033
415 0.0128937156989
416 0.00491475341889
417 0.00350002035816
418 -0.00341474580586
419 0.00216234789482
420 -0.00979559891227
421 0.00441255189544
422 -0.00596221882338
423 -0.00169970702226
424 0.00314401565271
425 0.00642005657711
426 0.00707685129151
427 -0.0105315820023
428 -0.0175143959698
429 -0.0118309287525
430 -0.00135941083432
431 0.0082323105503
432 0.00439242429277
433 -0.00812666390621
434 -0.00424693451894
435 -0.00585739852311
436 0.0104603299514
437 -0.00958000733503
438 0.00886750728224
439 0.0103372761595
440 0.00391731752919
441 -0.00999116020783
442 -0.00503782440937
443 0.0222596213364
444 0.00640151302436
445 0.00621427369176
446 -0.0113266485654
447 -0.0014356597167
448 0.00583617086592
449 0.0107248662668
450 0.00296679160259
451 0.0106002030682
452 -0.00250348482356
453 -0.00498791628005
454 0.0111097760359
455 0.0167555255981
456 -0.00213728571833
457 0.02608713051
458 0.0058338672476
459 -0.00315493091527
460 -0.00326691877165
461 -0.00210412722616
462 0.00784292943398
463 0.00108338551492
464 -0.0190860294012
465 -0.00582970437479
466 0.00388554584848
467 0.0096610076826
468 -0.0118839269386
469 -0.00541562222944
470 0.00208491736665
471 0.00966281478606
472 0.00139868404363
473 0.000977529155104
474 -0.0397805718597
475 -0.00974184900866
476 -0.0129683377723
477 0.0103305097507
478 -0.0239493049459
479 0.0104787990099
480 -0.00519510338418
481 0.00947233029881
482 0.0117920884146
483 -0.0122685459951
484 0.00406330516908
485 -0.00734169706311
486 -0.00766296326174
487 -0.00259177687164
488 0.0100063298832
489 -0.000600251241731
490 -0.0110498921326
491 -0.0010436187887
492 0.00174421542177
493 -0.00853329887084
494 0.000144338715646
495 0.00797379498399
496 0.0141759225649
497 -0.00964855315059
498 -0.00285916811654
499 0.00320973567963
500 0.00717815344353
501 0.00482549224888
502 -0.000820532506329
503 -0.0184798906052
504 -0.000444182013067
505 -0.0128540424962
506 -0.0067275599664
507 -0.00341980106586
508 -0.000359957334474
509 -0.0163737848553
510 -0.00940569136928
511 -0.00155353320363
512 -0.0175566428369
513 -0.00551840833184
514 0.0155667232526
515 0.0227432318462
516 0.0128030503382
517 -0.000644557731065
518 0.00348376054867
519 -0.00723593031844
520 -0.00344939771053
521 0.0185532730573
522 -0.00440654575535
523 -0.00565470756316
524 -0.0156631107945
525 -0.000962199973715
526 0.00046265114205
527 0.006669419732
528 0.00536688380954
529 -0.000121808416244
530 0.00463340337507
531 0.00272503889697
532 0.000836618677937
533 0.0205270497771
534 -0.00898140301767
535 -0.0058835031473
536 -0.0103175464426
537 -0.00229621052876
538 0.0152647983578
539 -0.00156841187681
540 -0.0114136830444
541 -0.0043997883586
542 -0.00349528286124
543 0.0116111133902
544 0.0264652304737
545 -0.00145489120901
546 0.0115007731362
547 0.00370826039668
548 -0.004895498059
549 -0.0149885850251
550 0.00365393965295
551 -0.0034421513959
552 -0.00253095393321
553 0.0219198078869
554 -0.0147475110961
555 0.00648072632194
556 0.00632931995832
557 -0.00034588024676
558 -0.00287274820182
559 0.0125624265867
560 0.011577112418
561 -0.00834995597983
562 -0.010293268598
563 0.000251683045957
564 0.00658548967585
565 -0.00426170544487
566 0.0116145841944
567 0.0235941419782
568 -0.00607399014739
569 0.00205712859631
570 0.0040791298955
571 0.00689457546913
572 -0.0131046496361
573 -0.0143437790229
574 0.0196858606712
575 -0.0095175175446
576 0.00305739780805
577 0.000529127202641
578 -0.0197176901744
579 -0.00195486373316
580 -0.00598656512476
581 -0.00252155690956
582 -0.0265430858829
583 -0.01490077383
584 0.00148912326775
585 0.00810532265932
586 -0.0176839076763
587 -0.00858806371423
588 0.00291565365806
589 -0.00187476399619
590 -0.0120529041505
591 -0.0051445132571
592 0.0121179771767
593 0.00862257899393
594 0.000961620992646
595 -0.0019362607703
596 0.00307398490387
597 -0.0180298088764
598 0.000957444466534
599 0.0183602111008
600 0.0136713016197
601 -0.0123192396569
602 0.00350139206026
603 -0.00833429269378
604 0.00882420055691
605 0.00647203182473
606 -0.0163814103824
607 -0.00840243431341
608 -0.00109834434056
609 -0.00161986989698
610 0.00437442471206
611 -0.00839985570965
612 0.00118188816145
613 0.00306402337787
614 -0.0091811822262
615 -0.00330033076391
616 -0.00067143125104
617 -0.00712489303074
618 0.00480385891295
619 0.003398834174
620 0.00611802466329
621 0.00392520006629
622 -0.0067370056936
623 -0.014425609339
624 0.0153939325263
625 0.0162754590169
626 -0.0100247825695
627 -0.0146327410128
628 0.00758515710453
629 -0.0147234837773
630 -0.010099193859
631 0.00165110870597
632 0.0103263788639
633 -9.27932225599e-05
634 0.00349410859922
635 0.00836092041751
636 0.0111966831665
637 0.00372255293701
638 0.0132002002942
639 0.0122486281522
640 0.00332157617469
641 -0.0104364793633
642 -0.00402690408939
643 -0.0119175879224
644 0.00235260223923
645 -0.00313843721957
646 -0.0104871039402
647 -0.0196035378319
648 0.00263934647833
649 -0.0017758403603
650 -0.00437383222796
651 -0.00934808703269
652 0.00506790930359
653 0.00271742708176
654 -0.00546270170449
655 0.00136714144642
656 0.00458117093441
657 -0.00873547966351
658 -0.0134345439219
659 -0.0037061804976
660 -0.00188308968692
661 0.00629113231809
662 -0.0213624698833
663 -0.00208315333801
664 -0.00787196613284
665 0.0246261284976
666 0.00550542033631
667 0.00376762747302
668 0.0121165191313
669 0.0125307514046
670 -0.00612884308894
671 -0.000463071540909
672 0.0164259243591
673 0.00488863386949
674 0.0112863887686
675 0.0145178689594
676 0.0040888037962
677 0.0192679246374
678 0.0136182265675
679 -0.00631110815372
680 -0.00166852324688
681 -0.00501293427387
682 -0.00408794177073
683 0.0166168807698
684 0.00568845629578
685 -0.0175338834964
686 -0.0203378802566
687 0.00814248169486
688 -0.0141116468326
689 -0.00520513791125
690 0.0112181101232
691 0.00707524204872
692 -0.0122817215535
693 -0.0141825698114
694 -0.0153968731224
695 -8.01436930134e-05
696 0.00763174164326
697 0.00364280597879
698 0.00244647623241
699 -0.0143295353924
700 -0.0194649389289
701 -0.000774102425147
702 0.00923897680341
703 0.0119964044551
704 0.00571244867211
705 0.00536080937406
706 0.00214352364695
707 0.0161927701155
708 -0.013404016436
709 -0.00555475631381
710 0.00213207789408
711 0.0298722597414
712 0.00400575124279
713 0.00105558305836
714 -0.0160708822097
715 -0.00160131948114
716 -0.0112377289382
717 -0.00959010224892
718 -0.0150288656587
719 -0.00397319740042
720 0.00872129137212
721 0.0149799133921
722 0.00083527963082
723 -0.00234456121861
724 0.00302916354585
725 -0.0108581915511
726 -0.00913864810595
727 -0.00332727284294
728 -0.00381880772664
729 0.00232662103966
730 -0.0105907331684
731 -0.00532831902458
732 -0.00995830289347
733 -0.0113972516658
734 -0.0041473511589
735 0.00325782981363
736 0.00677796511651
737 -0.00867592097759
738 -0.0107297213419
739 -0.00231153797934
740 0.0101094092998
741 0.0136757898971
742 0.00305274307878
743 -0.000767672184261
744 0.0101984074106
745 -0.00267818457141
746 -0.0125832142307
747 0.00203833227697
748 -0.024171728146
749 0.00984408393518
750 -0.00697507515531
751 -0.000842557939299
752 -0.0140014947601
753 0.0169569826783
754 0.000124602248024
755 -0.0055838676801
756 -0.0115438059151
757 -0.00421565255436
758 -0.0013457834737
759 0.00921069399
760 -0.00516740942013
761 0.0136656972197
762 -0.00363185481349
763 0.000886637221314
764 0.0171070236696
765 -0.0180756993244
766 -0.00950035464126
767 0.00609979968536
768 0.00205920688856
769 -0.00541475552306
770 0.00459962130317
771 0.00491764110676
772 0.0063409389398
773 0.000701127360904
774 0.00397305603676
775 0.00248554242169
776 0.00754158350894
777 0.000654041744921
778 -0.00382548871817
779 -0.0109975196449
780 -0.00910733077726
781 -0.00241338269982
782 -0.00464408123374
783 0.00376608179265
784 -0.0147635465572
785 0.00412185463859
786 -0.0143163495515
787 -0.00492882402301
788 0.00267470590161
789 -0.00364032375001
790 -0.0182282584811
791 0.0125051198218
792 -0.00475292385716
793 0.0044404770515
794 -0.00477124111032
795 0.0103721219632
796 0.000434456550941
797 0.0163793986874
798 0.00547673464499
799 0.00124915154652
800 0.0069552267864
801 -0.00784261890773
802 -0.00510709886343
803 0.0171864651566
804 -0.0103350846007
805 -0.00197520428829
806 0.0157394909241
807 -0.00498806314801
808 -0.0139940733093
809 -0.00986000416708
810 0.00408977893074
811 0.00538411115413
812 -0.000333763156408
813 -0.00803606491518
814 0.0125870567495
815 -0.00780187923682
816 -0.00216589506672
817 0.00535582294065
818 -0.000728638505325
819 -0.0161339273367
820 0.0203003388087
821 -0.00114496774618
822 -0.00138279609536
823 -0.00615493649845
824 0.00153165028952
825 0.0067769537957
826 0.0124642758209
827 -0.00237640151015
828 0.00673628087608
829 -0.0134280101499
830 0.0101534259457
831 -0.00646149649615
832 0.0123034008487
833 -0.00890468949682
834 -0.0151932290394
835 0.00217508862035
836 -0.0109034737176
837 0.00490472903836
838 -0.0185939625686
839 -0.00391221236929
840 -0.00894267259003
841 0.0110899315309
842 0.00046519157929
843 -0.00194866183985
844 -0.00330222644217
845 -0.00407869193421
846 0.00450657453565
847 0.0078208569111
848 0.000129481313562
849 -0.00897507041427
850 -2.074073107e-05
851 0.01238182375
852 0.00349964544071
853 -0.0062940689483
854 -0.0138076634267
855 -0.00261279323352
856 -0.000436258228377
857 -0.0113923743858
858 -0.00294523068749
859 0.00195965555274
860 0.00860639083728
861 0.00388915276618
862 -0.000828485933819
863 0.000675126073805
864 -0.00703195262846
865 0.00944638953083
866 -0.00464314838256
867 0.0112067804151
868 0.0132098140151
869 0.00625107521151
870 -0.00804769792794
871 0.00476876500162
872 -0.00642576790604
873 -0.00559447496085
874 -0.0191970382505
875 0.00474219697111
876 0.0182430819144
877 0.000505632574302
878 0.0077955922529
879 0.00710972139053
880 0.00576233175392
881 0.0166518266385
882 0.00164116218888
883 0.00456394946352
884 0.00609610837263
885 -0.0179706787778
886 0.0132333715043
887 0.00514002599312
888 -0.00181399544167
889 -0.00741159806918
890 0.00803972885766
891 0.00341053687226
892 0.00369552954749
893 0.00113688272866
894 -0.0056309965417
895 0.0039353878733
896 -0.00262701270511
897 -0.00809232224907
898 -0.0101275456995
899 0.0107672978136
900 -0.0250491121128
901 -0.00552156675137
902 0.00143610348638
903 -0.0130815233945
904 0.00566815975712
905 -0.00672848006741
906 0.00119361965558
907 -0.00760414169145
908 0.016910461036
909 0.00430442379118
910 0.0110574033828
911 0.00140366371249
912 -0.00960402596194
913 0.0158476114549
914 0.00994635926908
915 0.00992328302265
916 -0.00717276029178
917 -0.0113970245543
918 -0.00212923107104
919 -0.0118980956941
920 0.00701478304323
921 0.00798014234691
922 0.0171059832392
923 -0.0210621864283
924 0.0094112599651
925 0.0103631902603
926 0.0025935735405
927 0.0134036617566
928 0.00194802526084
929 -0.00776783977703
930 0.0100264663756
931 -0.0107993698778
932 0.000233279183906
933 0.0128327626364
934 0.00455994920563
935 0.00864996491213
936 0.000541198517839
937 -0.00708034956018
938 -0.0221696245673
939 -0.00553530179632
940 -0.00223111222524
941 -0.0119551025039
942 0.0230964516343
943 0.000253550799947
944 -0.00664881963564
945 0.00307510115891
946 0.00135015113899
947 -0.0058499554396
948 -0.0139191490364
949 -0.00281373806841
950 0.000639600901242
951 0.0160880714133
952 -0.0159561504153
953 0.0109438447419
954 0.029776954553
955 -0.0055899179008
956 0.0114178135463
957 -0.00626205058529
958 0.00160866796381
959 0.00469176831707
960 -0.00632286256832
961 -0.024358492073
962 -0.00104384198203
963 0.00679564083763
964 -0.0070614657944
965 0.0143641395638
966 -0.00946982768676
967 -0.000239598537391
968 -0.000463750502399
969 0.0134851172406
970 0.000790792473077
971 -0.0120526401505
972 0.0368178003747
973 -0.00242543285098
974 0.0079511906333
975 0.000303573116257
976 -0.0102195484376
977 0.012106739923
978 0.00424089544362
979 -0.000830432688753
980 0.000261255355447
981 0.0108853428344
982 0.0185337559073
983 -0.00216803114703
984 -0.00420142256808
985 -0.00699059037923
986 -0.0147252059167
987 0.00260263324122
988 -0.000852514932006
989 -0.00702847423629
990 0.00438691559367
991 0.00151833464854
992 0.00519296806874
993 -0.00514289944986
994 0.0209212208132
995 -0.0223808961813
996 -0.00274954672693
997 -0.0101076001032
998 0.00849940738962
999 -0.00143161496983
1000 0.00674552124263
1001 0.0156965082194
1002 -0.00174130757401
1003 -0.00292713757841
1004 0.0144339094949
1005 0.00386754184819
1006 -0.0028765925757
1007 0.0130575588264
1008 -0.00691638289494
1009 -0.00980039714207
1010 0.00603056453885
1011 0.0172283259855
1012 -0.00282425154979
1013 0.0025907159571
1014 0.016460954224
1015 0.0139312216514
1016 0.00417440996452
1017 -0.00116071416992
1018 -0.0086276337384
1019 -0.0066496843269
1020 -0.0131411504502
1021 -0.00962481406321
1022 0.00848327901668
1023 -0.0030667482305
1024 -0.0199059626167
1025 -0.0145673092104
1026 0.011377076249
1027 -0.00702280144913
1028 -0.00986300651404
1029 0.00619423459209
1030 0.0107293761056
1031 -0.00993143286675
1032 -0.000496369994965
1033 -0.0023296750914
1034 -0.00388919037349
1035 0.00280996898486
1036 0.0161570497024
1037 0.0123799037843
1038 -0.00168659759488
1039 -0.00550382597307
1040 0.016940496048
1041 0.0201765697101
1042 -0.0129553122513
1043 -0.00279571933538
1044 -0.00719519692358
1045 0.0102080759083
1046 0.0045589096173
1047 -0.0102565849069
1048 0.019381139516
1049 0.0140607748239
1050 0.0211084226161
1051 -0.00388450731124
1052 0.0198686275876
1053 0.00582958599872
1054 -0.00271689131608
1055 0.00494734546596
1056 0.0133796829847
1057 0.0131792449745
1058 0.00933622125257
1059 0.00444935744857
1060 -0.0108028304562
1061 0.0133295227415
1062 -8.08421727296e-05
1063 0.000451255500659
1064 0.000497243590931
1065 0.00488841016867
1066 -0.0160270135742
1067 0.0217500779592
1068 -0.00950347587041
1069 -0.0016194157356
1070 0.00201854674044
1071 -0.00143090599267
1072 -0.0111372263432
1073 0.000322614593216
1074 0.00980185811999
1075 0.00611548640081
1076 0.0102932796505
1077 0.00537639550324
1078 0.0129484771729
1079 -0.0207681426632
1080 -0.00956533707271
1081 0.0129932889838
1082 -0.00408814496518
1083 0.0125098750818
1084 0.00588182638136
1085 -0.00792877436884
1086 -0.00566134515765
1087 -0.000525208360053
1088 -0.0085034416813
1089 -0.00176292530468
1090 -0.00403235068315
1091 0.00531862897412
1092 -0.015309551836
1093 0.00635088903768
1094 -0.01013523305
1095 -0.0194706913992
1096 0.000587389007226
1097 0.0176248906195
1098 0.0111314389574
1099 -0.00799539362547
1100 0.00538505646424
1101 -0.00167572050739
1102 -0.0084250417923
1103 0.00944113814106
1104 0.00247436768339
1105 0.000467757426162
1106 -0.0186773616142
1107 -0.00399185638406
1108 0.00451287374479
1109 -0.00079598514105
1110 -0.0091086805851
1111 0.00253993144893
1112 0.0152981021358
1113 -0.000265137482007
1114 0.0213200034681
1115 0.007228261573
1116 -0.00192199665524
1117 0.000161044857774
1118 0.0132353076437
1119 0.012618880402
1120 -0.0101082457976
1121 0.00898907025095
1122 0.00754289414433
1123 -0.0244027677532
1124 0.00719579651085
1125 -0.00338452064695
1126 -0.0164577943591
1127 0.00628785897958
1128 0.0132676220469
1129 0.000173232643281
1130 0.006102081728
1131 -0.00112722774187
1132 0.00288333355695
1133 0.0125038472655
1134 -0.00311737099672
1135 -0.0222514310031
1136 0.0100274068258
1137 0.0034888830816
1138 -0.015381896754
1139 -0.0104936237529
1140 0.00903978218515
1141 0.00289163625332
1142 -0.0074190308919
1143 -0.00426408079343
1144 -0.00681374323691
1145 0.00546178564416
1146 0.0106617025595
1147 0.00469731194225
1148 -0.00127287452615
1149 -0.0119181369877
1150 -0.00990952681684
1151 0.0182944081305
1152 0.00309027777586
1153 0.0130984424226
1154 -0.000550020150286
1155 -0.00340528895132
1156 -0.00834866771335
1157 -0.00590138088028
1158 0.0142613035085
1159 -0.0018712130325
1160 -0.0109125301571
1161 -0.00262121586225
1162 0.0211449079826
1163 0.00160401909105
1164 0.00455542723277
1165 0.00506639041351
1166 0.00239547172176
1167 -0.00749419928589
1168 -0.0128569509654
1169 -0.00351993711224
1170 -0.0038733168174
1171 -0.00839106659173
1172 -0.00870579412989
1173 0.0122026906155
1174 0.00636185814023
1175 -0.0258373231901
1176 -0.00795000003042
1177 -0.00513856021519
1178 0.00424888835152
1179 -0.00632428146867
1180 -0.0175443209908
1181 -0.0152138435084
1182 0.00314572102459
1183 0.0109466481567
1184 -0.00127873905528
1185 0.00446674983389
1186 -0.00684188659161
1187 -0.00773749475966
1188 -0.0033144041937
1189 0.011935758227
1190 0.00276644044298
1191 0.00682981370732
1192 0.011049561666
1193 -0.00190390395266
1194 0.0124127015613
1195 0.00596523415369
1196 0.00417922734804
1197 0.00255319459176
1198 0.00244699371339
1199 0.00594128035036
1200 0.00153774601672
1201 -0.00415365998132
1202 -0.00822601700987
1203 -0.00264561510329
1204 -0.000883739225742
1205 -0.0141237444849
1206 0.00618641387747
1207 -0.0126915325566
1208 0.00333236312092
1209 0.00487931081398
1210 -0.00235062678042
1211 0.00179141790839
1212 0.0086759844438
1213 0.0133625137271
1214 0.0100164116972
1215 0.00373334155471
1216 0.0193343258314
1217 0.00268372749098
1218 0.00681112241288
1219 0.0132732549187
1220 0.00625270662646
1221 0.000819020856141
1222 0.0132833498947
1223 -0.0129819661351
1224 -0.00165429460421
1225 -6.26816182894e-05
1226 -0.0159761508522
1227 0.00499031442846
1228 -0.0109395081141
1229 -0.0219405883111
1230 -0.0111666848513
1231 -0.00919194154139
1232 -0.00542330074708
1233 0.0139935841295
1234 -0.00746052180985
1235 0.0086036942107
1236 0.0114674169417
1237 -0.00242901267339
1238 0.00467918784129
1239 -0.014772305586
1240 0.0112594825408
1241 -0.00592138525851
1242 0.00842102409553
1243 -0.0122995401223
1244 -0.00365987252717
1245 -0.00706105512238
1246 0.00607019677258
1247 -0.00398537698937
1248 -0.00932347332729
1249 -0.00642532237025
1250 -0.0150970367765
1251 -0.00749451560861
1252 0.00899339536469
1253 0.00122693042892
1254 -0.00201213598601
1255 -0.0172274441712
1256 0.0103000409062
1257 -0.0121698646848
1258 -0.00273886705053
1259 -0.0187073929476
1260 0.0153865276299
1261 0.0169467972585
1262 0.00228251516686
1263 0.00320848444935
1264 0.0082123458811
1265 -0.0129200220344
1266 -0.00338636462786
1267 -0.00836872546786
1268 -0.00176328333759
1269 0.00902198114751
1270 -0.00366479570882
1271 -0.000158447387276
1272 -0.0138245302617
1273 0.0262423599052
1274 -0.0085773093807
1275 -0.0039577193531
1276 0.000659927153442
1277 0.000399548441765
1278 -0.00486641057199
1279 0.00852450767201
1280 0.00963492119776
1281 0.0161260586883
1282 -0.00365927736245
1283 -0.0103889671792
1284 -0.010934380044
1285 0.0132584884982
1286 -0.00234907709045
1287 -0.0125338527198
1288 0.00961931987664
1289 0.0165261146419
1290 0.00028715318273
1291 -0.0132732348555
1292 -0.00479754650758
1293 0.00211825956224
1294 0.000585349269993
1295 0.00184683614922
1296 0.00547620535382
1297 -0.000973581988233
1298 -0.0207937544684
1299 -0.00844860467867
1300 -0.00811590558002
1301 -0.011589665183
1302 0.0029458884278
1303 -0.00365408237435
1304 0.0132940035383
1305 0.00275106166028
1306 -0.00912930533361
1307 -0.0177887297889
1308 0.00174502950764
1309 0.00336099341228
1310 0.00594072950815
1311 0.00144237496581
1312 -0.0175725690512
1313 -0.00695445930511
1314 -0.0170724721862
1315 -0.0068351317648
1316 0.00567756689975
1317 0.00144397049174
1318 -0.0204263500018
1319 0.00458795470816
1320 -0.00338951803559
1321 0.0103777391788
1322 -0.00980553144239
1323 0.0119018441889
1324 0.00357904008307
1325 -0.00384688114717
1326 -0.0212857322884
1327 -0.00397073284611
1328 -0.0100581023108
1329 0.00597842930988
1330 0.0112699994243
1331 0.00346735301744
1332 0.0115557398706
1333 -0.0115439271633
1334 0.00955740020549
1335 -0.014656133844
1336 0.0168925184584
1337 -0.0202903187067
1338 -0.00689187944395
1339 0.00068991015073
1340 0.00732402017838
1341 -0.0143507400538
1342 -0.00241801653181
1343 -0.0116801423091
1344 -0.000144830765568
1345 0.00233162965984
1346 0.00410451597022
1347 -0.00551196414141
1348 0.00640532675173
1349 0.0111683323841
1350 -0.00889724747448
1351 -0.00292622245326
1352 -0.0043141024686
1353 0.00805831960234
1354 -0.00892957132799
1355 -0.0021435348432
1356 -0.00250858347226
1357 -0.00433819141899
1358 -0.00825134130248
1359 -0.00418710527172
1360 -0.0131282213893
1361 -0.0222598732434
1362 -0.00202958350133
1363 0.00618517102256
1364 -0.00136641443005
1365 0.00903640023856
1366 -0.00258942704254
1367 0.00126062100398
1368 -0.011472126731
1369 -0.00767281284798
1370 0.0064497116562
1371 -0.000515349877314
1372 0.0044826142745
1373 0.0125863474667
1374 -0.0108221711485
1375 0.00999107163902
1376 -0.000803778765466
1377 -0.00625217587644
1378 -0.000764696221586
1379 -0.0257686943639
1380 -0.00380269986422
1381 0.00980527130022
1382 -0.00810783642655
1383 -0.0029237914849
1384 0.0208434675252
1385 0.0103104118065
1386 0.0103587227373
1387 0.0108441348398
1388 0.00955595744093
1389 0.00919117314499
1390 -0.0088530143392
1391 0.0109938621883
1392 -0.0186461513045
1393 -0.00699326699847
1394 -0.00176032267476
1395 0.0093052488306
1396 -0.00146584027379
1397 -0.0049064931756
1398 -0.0010777877962
1399 -0.0142792845795
1400 0.00264013452763
1401 -0.00438860109217
1402 0.00772010996772
1403 0.00276794951499
1404 0.00377919296556
1405 0.000451769565188
1406 0.0166571124084
1407 -0.00237711376899
1408 0.0038421075549
1409 0.00382701237487
1410 0.0127923910654
1411 0.00217624307439
1412 -0.0233272443795
1413 -0.00118634037348
1414 -0.0102144222906
1415 0.0055433320574
1416 -0.00619151423677
1417 0.00806368354883
1418 -0.000347365352911
1419 -0.0123728635207
1420 -0.024342893852
1421 -0.00924174975906
1422 -6.7023699501e-05
1423 -0.0122663558519
1424 -0.0107062157583
1425 0.00150879678542
1426 0.00979978962387
1427 0.00751750357137
1428 0.0105486228736
1429 0.0021944114519
1430 0.000953424337708
1431 -0.0139251081661
1432 -0.0249626879312
1433 -0.0116255127807
1434 0.00949206558159
1435 0.00468147213148
1436 0.00354657783097
1437 0.000855410898437
1438 0.000500323737372
1439 -0.00595323466603
1440 -0.00754974309566
1441 -0.00386901420911
1442 -0.00273853105462
1443 0.000995939072886
1444 0.0120044426863
1445 0.00648415599796
1446 0.0119541236785
1447 -0.0136962775722
1448 0.010215437648
1449 -0.00959071964803
1450 0.00435783188492
1451 -0.01178124622
1452 -0.013676150536
1453 0.00577102308662
1454 0.0129293130028
1455 -0.000386077158621
1456 0.00538861804028
1457 -0.00140361047712
1458 0.000487116044702
1459 0.00539784348721
1460 -0.00415946144199
1461 -0.0162905713162
1462 -0.00314517872874
1463 0.00179863408482
1464 -0.00274434322698
1465 -0.000422205251774
1466 0.0119700978015
1467 0.0151137152375
1468 -0.00810924252467
1469 0.0213212497835
1470 -0.0123220792955
1471 0.00363838101001
1472 0.00175507666057
1473 0.00923887487097
1474 0.0159421907817
1475 -0.00042916593438
1476 -0.0249006599279
1477 -0.00919281754975
1478 0.0216450242319
1479 0.0178788522946
1480 0.00114049937228
1481 0.00637673000129
1482 -0.00491272871187
1483 -0.00979649045291
1484 0.00122448200694
1485 0.0136488200934
1486 -0.00281632566097
1487 0.00588096483485
1488 -0.00400914927428
1489 0.0010273686716
1490 0.00979275959833
1491 -0.0155871999593
1492 0.00699380975304
1493 -0.00249645505157
1494 0.00668728393678
1495 -0.00787869809118
1496 0.0276810175932
1497 -0.0138591111186
1498 0.0134389140752
1499 0.00611306968141
1500 0.00351125771495
1501 -0.0216966310573
1502 -0.0104846663039
1503 -0.0069244897404
1504 0.00357402128533
1505 -0.00407291578056
1506 0.00406456702316
1507 -0.000893872103045
1508 7.11773716352e-05
1509 0.0129781152661
1510 0.00921374329554
1511 0.00201570001042
1512 -0.00856199459265
1513 -0.00891071379676
1514 -0.021815579414
1515 -0.00807982514838
1516 0.00697839689346
1517 0.0202088132576
1518 -0.00752097012295
1519 0.0128926096434
1520 0.0153136368517
1521 -0.020260275632
1522 -0.0166435913853
1523 0.0109297235301
1524 0.0100908309933
1525 0.00856762049408
1526 -0.00270430012307
1527 0.00151788001712
1528 -0.00365538285116
1529 -0.0112279356881
1530 0.0173780017766
1531 -0.0164950627814
1532 -0.00290531317807
1533 -0.0176154578751
1534 -0.0116044257391
1535 -0.0101510042306
1536 -0.00930584405622
1537 -0.00728424055847
1538 -0.0222538603255
1539 -0.00327165461819
1540 0.00420534376319
1541 -0.0125350899942
1542 -0.0202987986983
1543 0.00431995967183
1544 -0.00919070867903
1545 -0.0133696575156
1546 -0.00297054103165
1547 0.0108656502468
1548 -0.00985754163214
1549 -0.00907738636547
1550 0.00452407581957
1551 -0.0152984364125
1552 -0.0111355688442
1553 0.0127757650343
1554 -0.0115683630938
1555 -0.00372106149734
1556 0.011015284964
1557 0.000817798237627
1558 -0.0198384290381
1559 0.00129184382386
1560 0.0135058525996
1561 -0.0182432712512
1562 0.000973996178267
1563 -0.0222487699538
1564 0.0227932335227
1565 0.01101731893
1566 0.01362938451
1567 0.0066652556194
1568 -0.00622688603221
1569 -0.00788766566815
1570 -0.00469169797118
1571 0.00475826077972
1572 0.00530953289354
1573 -0.00612327682896
1574 0.0047866688947
1575 0.00153775558586
1576 -0.00755509878905
1577 0.00289967260666
1578 0.00160010152774
1579 -0.00120853620576
1580 0.0192777998635
1581 0.000290108267749
1582 0.00122569838739
1583 0.00117826929531
1584 0.00445080675572
1585 -0.00171072388669
1586 -0.0113890512297
1587 0.00227629929863
1588 0.00095690452385
1589 -0.00605015359247
1590 0.017740744477
1591 -0.00493925853923
1592 0.000675773948192
1593 0.00462607511359
1594 -0.000994053097025
1595 0.00626371563989
1596 -0.00269211929612
1597 0.000290041502604
1598 0.013480504148
1599 -0.0041985614897
1600 -0.00474137503201
1601 -0.0100935384979
1602 0.00852982502893
1603 0.0221491424795
1604 0.0157999197676
1605 0.0180018105764
1606 -0.00290876189931
1607 0.00735193533546
1608 -0.00698565735235
1609 0.00644107525835
1610 -0.0150474915129
1611 0.00016331810563
1612 0.00549690061464
1613 -0.00323996630422
1614 0.00433698213323
1615 -0.00491295227979
1616 -0.0146037965528
1617 -0.00297801544956
1618 -0.00342589248365
1619 -0.0039661542189
1620 -0.00283057900337
1621 0.00292591138753
1622 0.00873932853736
1623 0.00664336756937
1624 0.0124857894688
1625 -0.0026491419425
1626 -0.00202872508386
1627 0.00766209295429
1628 0.0308913980557
1629 -0.00893871732782
1630 -0.00405673993352
1631 -0.00417614931437
1632 -0.0055719396445
1633 -0.00192320882382
1634 -0.0167182927883
1635 0.00968686847079
1636 -0.00191291699728
1637 0.00773640347084
1638 0.00326168487383
1639 0.00157118743081
1640 -0.00597530677577
1641 -0.0131030317993
1642 -0.00653843321826
1643 -0.00442333406842
1644 -0.00574428011377
1645 0.00165898344941
1646 -0.00198679571062
1647 -0.0199476380911
1648 0.00552913517411
1649 -0.0225929371482
1650 0.0114884637317
1651 0.00307819202675
1652 -0.0158263353242
1653 0.0180215937573
1654 0.0136724292725
1655 0.00642607509421
1656 -0.00442482650242
1657 -0.00370337829327
1658 -0.0142388825711
1659 -0.00804936664755
1660 0.00259708629806
1661 -0.0063002111782
1662 -0.0084705542567
1663 -0.0166098774882
1664 0.00562486691173
1665 0.0154344744186
1666 -0.0173979372221
1667 -0.00420914101696
1668 0.0160811474214
1669 -0.0105739940958
1670 -0.00445036479394
1671 0.00449031536042
1672 0.00218313800009
1673 -0.00205914235612
1674 -0.00722948285494
1675 -0.00890784614122
1676 -0.0015548095301
1677 -0.00512819887668
1678 -0.00579354980781
1679 -0.0146774686316
1680 0.00495871472296
1681 0.00156625993508
1682 0.00636706954385
1683 -0.00061032685714
1684 -0.0116871256845
1685 0.00395447365003
1686 -0.00501860492535
1687 0.00652422366504
1688 0.00307404803206
1689 0.00592374067292
1690 -0.00188294376874
1691 -0.0159622316514
1692 0.0164153704862
1693 -0.00847754393152
1694 -0.00275956708455
1695 -0.000125210298632
1696 0.0132802493932
1697 -0.000304090700964
1698 0.00337125730556
1699 0.0178288366634
1700 -0.0148531942436
1701 0.0125200870541
1702 -0.0162399513932
1703 -0.0110342697686
1704 0.0273216268945
1705 0.00148097107637
1706 -0.00833276892622
1707 0.00360764945637
1708 -0.0146261712332
1709 -0.0178321978681
1710 -0.0104962633429
1711 0.00668619837857
1712 -0.00381674439055
1713 0.0120362693866
1714 0.00456488827899
1715 0.000158505972624
1716 -0.0097902276278
1717 -0.00380581465567
1718 -0.00882844727044
1719 0.026640946416
1720 0.000798593902836
1721 0.00674090349844
1722 -0.00845317984481
1723 0.0148746206317
1724 0.0154404259215
1725 0.00753836967794
1726 -0.00286393680462
1727 -0.0126487169969
1728 0.0102206389072
1729 0.00670063410214
1730 -0.0184254008862
1731 0.00235652362443
1732 0.00901313054144
1733 -0.0298316288225
1734 0.00915994506835
1735 0.0083037226368
1736 -0.0172736780412
1737 0.00790430146121
1738 -0.00488563772484
1739 0.0129540295815
1740 -0.0123211675074
1741 -0.00559348904652
1742 -0.00339183517245
1743 -0.00194530582871
1744 -0.0035237797988
1745 -0.0136603507907
1746 -0.00218473472366
1747 0.00568627832139
1748 -0.00168495262578
1749 0.00708679888176
1750 -0.00795129351984
1751 -0.00918186631103
1752 0.00596076311018
1753 0.0130499878157
1754 -0.00116806895783
1755 0.00200804250917
1756 0.0118896073293
1757 0.00245176662167
1758 -0.00543827676321
1759 0.00585744621104
1760 -0.00195940583126
1761 0.00061926483702
1762 -0.00713434762549
1763 0.000734816590705
1764 -0.00049893508679
1765 0.0138399821177
1766 -0.00255293712548
1767 0.00642432627117
1768 0.00418021949206
1769 0.0052553618339
1770 -0.00613757014788
1771 -0.00837546959701
1772 -0.0058128263108
1773 0.000307443935347
1774 -0.0204043927954
1775 -0.0175320155299
1776 0.00159722907944
1777 0.0143286638628
1778 -0.00043375960713
1779 0.00690501392821
1780 0.0108899909854
1781 -0.00157921220351
1782 -0.0263662405254
1783 -0.00744767359163
1784 0.0110863899142
1785 0.0031758068777
1786 -0.00672953231474
1787 -0.00850160028025
1788 0.00933393672929
1789 0.00126235581411
1790 -0.0152851686923
1791 -0.00367882047224
1792 0.00533385682961
1793 -0.00602709441749
1794 -0.00085834261436
1795 0.0149774548052
1796 0.000514165166714
1797 0.00565400341843
1798 -0.0122929634807
1799 0.00815082729991
1800 0.0271992019017
1801 -0.0140396806672
1802 0.00790473704379
1803 -0.0157033212014
1804 0.00516043548473
1805 0.0073338063624
1806 0.00540453758013
1807 -0.0034771747864
1808 -0.0148456045685
1809 0.00872467551117
1810 -0.0115972665245
1811 -0.00691255461226
1812 0.00294177489178
1813 -0.0233462569841
1814 -0.00758518150721
1815 -0.00639873793841
1816 0.0132590362831
1817 0.0130750878124
1818 0.00583184460271
1819 -0.00911060370598
1820 0.00117791286778
1821 -0.00656836862218
1822 0.00212940650868
1823 0.00254070661422
1824 7.18897813223e-05
1825 -0.0110005151135
1826 0.0113695204915
1827 0.010957950791
1828 0.00768388439295
1829 0.00112627199286
1830 -0.00619625383702
1831 -0.00741528915723
1832 0.0334965647628
1833 0.00721609845032
1834 0.0100988275036
1835 -0.0082399895412
1836 -0.00125322604468
1837 0.01118204997
1838 0.00789408670694
1839 0.00308519777965
1840 0.0105005514215
1841 -0.00597497701511
1842 0.00300062092366
1843 0.00336789086723
1844 -0.00581844528635
1845 -0.00855655588617
1846 0.00645400335724
1847 -0.00738989258983
1848 0.0153985930359
1849 0.0116453710353
1850 0.00712236735017
1851 0.00353545782944
1852 0.00458410604728
1853 0.00242053001574
1854 0.00954421659747
1855 -0.0155333045934
1856 0.0203769161372
1857 0.00381366399139
1858 -0.00501458713381
1859 -0.0100084383368
1860 -0.0121802503486
1861 0.00490345421582
1862 -0.00134956067563
1863 -0.00251388229421
1864 0.0138851667341
1865 -0.000435981906976
1866 0.0133878683647
1867 0.00932269738024
1868 -0.0153830697429
1869 -0.0101347614137
1870 0.000699345347676
1871 0.00393824127394
1872 -0.00216845105917
1873 -0.0153347838753
1874 0.006672503667
1875 0.0130993053575
1876 0.00933264270415
1877 0.00249482791468
1878 -0.00163413475636
1879 -0.0148181605954
1880 -0.000694008530468
1881 -0.00776380710609
1882 0.00452709179795
1883 -0.0253549604228
1884 -0.00872720031361
1885 -0.0107503111634
1886 -0.0120949736796
1887 -0.00051952038817
1888 -0.00287407757567
1889 -0.00286892694552
1890 0.00102329847039
1891 -0.0050657322715
1892 -0.00579733904246
1893 -0.00539277289631
1894 0.000261566844164
1895 0.00754866700695
1896 -0.0118583232087
1897 -0.0093137486843
1898 0.00923720608607
1899 0.00645071526417
1900 -0.00906929881886
1901 0.00501656421011
1902 -0.00983518602494
1903 0.0118855464803
1904 -0.00192501462001
1905 -0.00842759661626
1906 0.0218109400964
1907 0.00151924928375
1908 0.0237331175309
1909 -0.000522176613467
1910 0.00243505900427
1911 0.00926152275806
1912 -0.00630987450911
1913 -0.015492191683
1914 0.0253877124189
1915 -0.0205279454701
1916 0.0197855478828
1917 0.00474644453269
1918 0.0091610050412
1919 0.00104369500037
1920 0.000473097759699
1921 -0.00983647474107
1922 -0.0111009054167
1923 -0.0115872159894
1924 -0.013002480606
1925 0.0228666472425
1926 -0.000909936940496
1927 0.00664205921642
1928 -0.0089930194639
1929 0.00452900112839
1930 -0.00947450742913
1931 0.00295468919169
1932 -0.00460650775517
1933 -0.000363626063984
1934 0.0126259915917
1935 0.00701613020677
1936 -0.0114896742284
1937 0.0180971774573
1938 0.00450476693038
1939 0.000684916830696
1940 0.00340035960044
1941 0.00328019522193
1942 0.011099865187
1943 -0.00608733355471
1944 -0.00922275736972
1945 0.0160172172144
1946 -0.00379144100507
1947 0.00542688022998
1948 -0.000497596531417
1949 0.00771783748493
1950 0.0061942877834
1951 -0.00761835379092
1952 -0.0105942745943
1953 -0.00178203939867
1954 -0.00771020735208
1955 -0.0049988183288
1956 0.000606605544847
1957 -0.00496097884291
1958 0.00675019177057
1959 0.0102178964273
1960 -0.0113562011931
1961 0.00454745969366
1962 0.00707460479718
1963 -0.00303600380086
1964 0.00745665427256
1965 0.00416900557573
1966 -0.00489331703352
1967 0.0100302964936
1968 0.0143849209248
1969 0.00367089484242
1970 0.0227174339944
1971 -0.0288723804484
1972 -0.00524900501224
1973 -0.0177974690754
1974 0.00620836601378
1975 -0.00954631462873
1976 0.00450793621499
1977 -0.0182257067092
1978 0.0229837043969
1979 -0.00864421044902
1980 0.00427238866815
1981 -0.00419330772962
1982 0.0106730341473
1983 -0.00856851674129
1984 0.00526572651305
1985 -0.0011490175974
1986 -0.00428511803396
1987 -0.00501608584344
1988 0.00107339709722
1989 0.00748330387999
1990 -0.00496344094189
1991 0.000873424647699
1992 -0.00532934689809
1993 -0.0172410833254
1994 -0.000768839711054
1995 0.0123400300575
1996 -0.0124255483287
1997 -0.0128620082855
1998 -0.00495824176791
1999 -0.00364101725922
2000 -0.00841177972978
2001 -0.0130656293228
2002 0.00972617237978
2003 -0.0090434723392
2004 0.00185341586049
2005 -0.0204308449091
2006 0.00441042814411
2007 -0.00359677139469
2008 -0.0100561425021
2009 -0.00619663054911
2010 0.0188512572937
2011 -0.00952020062069
2012 0.00655071329904
2013 0.00809732275852
2014 -0.0166591235358
2015 -0.00815715626718
2016 0.0045780355996
2017 -0.0150591553623
2018 -0.00312027952721
2019 0.0126501228347
2020 0.0014673896022
2021 0.00112000802589
2022 -0.0113190578653
2023 -0.00550824028867
2024 0.00182469857261
2025 -0.0165424997385
2026 -0.00130494989333
2027 -0.0111899523093
2028 -0.0051660100103
2029 0.00794788362872
2030 0.00842079246625
2031 -0.00259993395993
2032 -0.00389835110523
2033 0.00948233438539
2034 -0.0127188636393
2035 -0.0016504639443
2036 0.00693208512102
2037 -0.00181359955577
2038 0.00428007130009
2039 -0.00536530795868
2040 -0.00840697035038
2041 -0.00111328947974
2042 -0.00108340419046
2043 7.02177848472e-05
2044 0.00706495888226
2045 -0.0104673985568
2046 -0.0200242181948
2047 -0.00271224926929
2048 0.000932699838356
2049 0.00571823670984
2050 -0.0054113051638
2051 0.00291817498425
2052 -0.00230538807853
2053 -0.000855007140639
2054 -0.00133012711285
2055 -0.00523709806281
2056 0.00373097578547
2057 0.00328749535529
2058 0.00414990875798
2059 0.0137192724398
2060 -1.19471614001e-05
2061 0.0187653335108
2062 0.0097387536128
2063 0.00450810154157
2064 0.00546733922152
2065 0.00452109763512
2066 -0.013595587027
2067 -0.0118893096751
2068 -0.0016052237234
2069 -0.00475638226881
2070 -0.018942151074
2071 -0.00974602837502
2072 -0.000544961582634
2073 -0.00717645737654
2074 -0.00429824193874
2075 -0.00851674881351
2076 -0.00953682918432
2077 0.00330682889738
2078 -0.00547051208002
2079 0.0154063144543
2080 -0.011912115496
2081 -0.00219927884196
2082 0.00163931226214
2083 0.00674524813712
2084 0.0168529150984
2085 0.00469579156635
2086 0.00897974415307
2087 -0.00743698273571
2088 0.00526370724223
2089 0.00768862369995
2090 -0.0187242560517
2091 -0.000357857487385
2092 -0.0178043365421
2093 0.0108895118112
2094 -0.00253559410422
2095 -0.0100636145246
2096 0.0058265226784
2097 -0.00136651924922
2098 -0.00725960801084
2099 0.00627234057655
2100 0.0028924471715
2101 -1.46197387353e-05
2102 0.0104183317489
2103 0.00343070711861
2104 -0.0129670184077
2105 0.00565193373562
2106 -0.000695272157357
2107 -0.0121899724788
2108 -0.000747115736342
2109 -0.0172429083495
2110 -0.000602470432724
2111 0.005137979734
2112 -0.00636765386263
2113 0.00684449921512
2114 0.0123373426373
2115 -0.00367090992875
2116 0.0110796730981
2117 0.00115693836845
2118 0.0159638475298
2119 -0.00989488016375
2120 -0.012588884854
2121 0.0212644676332
2122 0.0264277076455
2123 0.0203046310521
2124 0.00424513400886
2125 -0.00176603050014
2126 -0.00470538486198
2127 0.00761917001424
2128 -0.0214228262642
2129 0.00262773855867
2130 0.00380669938917
2131 0.00422828692736
2132 0.00877017363119
2133 -0.000572076551295
2134 -0.00369408074266
2135 -0.0096469683458
2136 0.0051480239436
2137 -0.00612494781698
2138 -0.0111543661747
2139 -0.0116235056498
2140 -0.013641887624
2141 0.000891386230148
2142 -0.003637966512
2143 0.0107523956548
2144 -0.00354767771877
2145 0.00658830727004
2146 0.00313244756913
2147 -0.00313656266926
2148 0.0022245242357
2149 0.00256411022564
2150 -0.00725231702987
2151 0.00429931165246
2152 -0.00465701692271
2153 -0.0222826963341
2154 -0.00458974135071
2155 -0.0169988159584
2156 0.00184810992912
2157 -0.00108526996955
2158 -0.00649646924464
2159 -0.00837812639555
2160 -0.00440972920214
2161 -0.00974729136117
2162 0.0147291996724
2163 -0.0111418919452
2164 -0.00974499076568
2165 -0.00311887521816
2166 -0.012136975161
2167 0.00738105129747
2168 0.0066729644095
2169 0.00443026246791
2170 0.00177376683962
2171 -0.0135858984638
2172 -0.0017438715483
2173 -0.00597211190491
2174 0.00550044460009
2175 -0.00503395401741
2176 0.00601779744884
2177 0.00256560426222
2178 0.00223724905647
2179 -0.018135683514
2180 -0.00505817837853
2181 -0.00219715766506
2182 0.00494894684473
2183 0.00708757977689
2184 0.014518038311
2185 -0.0104830649219
2186 -0.00472584276792
2187 -0.00318140091388
2188 -0.00652478313648
2189 0.0054858259704
2190 0.00301333905366
2191 -0.00285265390902
2192 -0.0155569705187
2193 -0.00195639181736
2194 0.00723265785764
2195 -0.0131342202069
2196 -0.00971888347057
2197 0.0106893164363
2198 0.00261066057152
2199 -0.00190546928589
2200 0.0112314109133
2201 0.00271420063202
2202 -0.0076564555947
2203 -0.0148699859936
2204 -0.00435594631712
2205 0.00243933473439
2206 0.0141408174959
2207 -0.0089541166583
2208 -0.0113988699172
2209 0.00836342808369
2210 -0.00290559778813
2211 -0.0104416968748
2212 0.0023088089892
2213 -0.00408533801045
2214 -0.00921825105975
2215 0.00451859536586
2216 -0.0029107673879
2217 -0.00597718547516
2218 0.011544533462
2219 0.00770950965187
2220 -0.000871698885363
2221 0.0150248640989
2222 0.00134481899255
2223 -0.0145923152918
2224 0.00519728038534
2225 -0.00520593596281
2226 0.00137471387749
2227 -0.00189421085286
2228 0.0125689252354
2229 -0.00840133231003
2230 -0.00618662068646
2231 -0.0236491029112
2232 -0.000645370376695
2233 -0.00675266231627
2234 -0.0143444552593
2235 0.00308592893803
2236 0.00579393377631
2237 0.0156150800594
2238 -0.0076134783629
2239 -0.0136832185703
2240 -0.00061947054456
2241 0.0124434828013
2242 -0.000289003365336
2243 -0.0135626564334
2244 0.00503066385569
2245 0.0227935335415
2246 0.00987400661565
2247 -0.00503837519353
2248 -0.0209185853714
2249 0.00202764727802
2250 0.0012239008264
2251 -0.000306476335989
2252 -0.00015946065245
2253 0.00178750861199
2254 0.00402564583091
2255 0.000542087652065
2256 0.00718520078878
2257 -0.000594388906227
2258 0.0259924966524
2259 0.0228559147653
2260 0.00136910417122
2261 -0.00357325407175
2262 0.0150882251852
2263 0.0093731529804
2264 -0.00847074718868
2265 -0.00073096241226
2266 -0.00188561876203
2267 -0.00055093681243
2268 0.0134222411454
2269 -0.0113679537625
2270 -0.00336804641154
2271 -0.00268422308159
2272 -0.00487825744512
2273 0.00850891276029
2274 0.0053344018365
2275 0.0097817080268
2276 0.00402374316449
2277 0.0175126177946
2278 -0.00821778857047
2279 0.0111400788002
2280 0.0125367762924
2281 0.00614992729081
2282 0.00709719160435
2283 0.00165375128671
2284 -0.0159894335547
2285 -0.00614359878198
2286 0.00539400641787
2287 -0.0162742358279
2288 -0.00055127421325
2289 -0.00776351861593
2290 -0.0328344959095
2291 0.00614482737365
2292 0.00876310858409
2293 -0.0101114252112
2294 0.00290361938682
2295 -0.000409125020683
2296 0.00100960795329
2297 -0.0139304398854
2298 -0.00509296570703
2299 -0.00578295395593
2300 0.00432733061916
2301 0.0156578587173
2302 0.000970840729563
2303 -0.00289049789265
2304 0.00281793340469
2305 0.00210457888588
2306 0.00393195291557
2307 0.0137319354887
2308 0.0155186228974
2309 -0.00818128654356
2310 -0.0197560965127
2311 -0.0115160379913
2312 0.0106888022498
2313 -0.00171320952872
2314 -0.00688762936101
2315 -0.0135116419368
2316 -0.0020658654175
2317 -0.00257698419653
2318 -0.000589283088315
2319 -0.0134768891341
2320 0.00575074153107
2321 -0.0198119278915
2322 0.00200268807168
2323 0.012279695769
2324 0.0137206281753
2325 -0.0051465396892
2326 -0.00620569613815
2327 -0.021396176921
2328 -0.010986376887
2329 -0.00526255572739
2330 -0.00618284804944
2331 0.00154879580732
2332 0.00309955116208
2333 0.0144158534473
2334 -0.00365902498534
2335 0.0156368740263
2336 -0.00804025535578
2337 -0.00834521265088
2338 -0.013481182272
2339 0.00190138032767
2340 0.000375547831357
2341 -0.00948011456211
2342 0.0018677579315
2343 -0.0142703487256
2344 -0.0105507103072
2345 -0.00736448966511
2346 0.00145032807521
2347 0.000535049836687
2348 -0.00595278736387
2349 0.00911407545454
2350 0.0194725439972
2351 0.000137251654898
2352 -0.0136747092578
2353 0.00610992940874
2354 0.00326540110121
2355 0.00321991170181
2356 0.000742290696325
2357 -0.0143017719083
2358 -0.000746989749081
2359 0.00626579217723
2360 -0.00299248734896
2361 0.0173070428179
2362 -0.00461249744098
2363 -0.0102373818475
2364 0.00919258250688
2365 0.00769666307904
2366 -0.0130418657064
2367 -0.0209646051977
2368 -0.00766565913929
2369 0.00657739227997
2370 -0.0107329741425
2371 -0.0031735853677
2372 0.0101009851863
2373 0.00485234512764
2374 0.00359483953995
2375 0.00584551995747
2376 -0.00242546434649
2377 0.000645329442857
2378 0.000610196399658
2379 0.0112674270123
2380 -0.00665234619682
2381 -0.00278547275535
2382 -0.00317363171374
2383 -0.00984099804464
2384 0.00248072766527
2385 0.0123370891459
2386 -0.0164588985067
2387 -0.023941741819
2388 -0.00293705468361
2389 0.00270822900844
2390 0.00286140845738
2391 0.00203747695511
2392 0.00213312647854
2393 0.00032650789658
2394 -0.00645497339396
2395 -0.0043845633581
2396 -0.0131474780781
2397 0.00635170642121
2398 -2.73728006976e-05
2399 0.00189709880501
2400 0.00659671293184
2401 -0.00139850399538
2402 3.19731179322e-05
2403 -0.00196736999868
2404 0.000495982073995
2405 0.00355481846201
2406 -0.0018521951102
2407 0.0101186772547
2408 -0.00596826377793
2409 0.00821196108977
2410 0.007098253506
2411 0.0044900060498
2412 -0.000507045590902
2413 0.00644719050738
2414 0.00660419825069
2415 -0.00595854932382
2416 0.00951015674344
2417 -0.00700225976151
2418 -0.00713670205776
2419 -0.00691283976284
2420 -0.00595373911961
2421 -0.00808412239047
2422 -0.00449451840356
2423 -0.00630442665994
2424 0.00770619712966
2425 -0.0131750903848
2426 0.0127049289027
2427 -0.00591616808398
2428 0.0123580843969
2429 -0.00416788018523
2430 0.0144782625084
2431 0.0200740801583
2432 0.00936133488999
2433 0.0175649624331
2434 -0.00800146987077
2435 -0.00851414834624
2436 -0.0170264382061
2437 -0.00230943710536
2438 -0.00560142814376
2439 -0.00735911354696
2440 -0.0111836571051
2441 -0.00357210816814
2442 -0.0128810837206
2443 0.0140341802711
2444 -0.0033869562258
2445 0.00215110739192
2446 0.00349616152765
2447 -0.0186115515239
2448 0.000540205832205
2449 -0.00546794456461
2450 0.012291864245
2451 -0.011095460555
2452 -0.0128991037311
2453 0.0181173719329
2454 0.0104014346825
2455 0.0166908848923
2456 -0.0205899656916
2457 -0.00263471989449
2458 -0.0062226303557
2459 -0.0113764627511
2460 0.0169077160305
2461 -0.00132835160821
2462 -0.000391306977027
2463 0.0028874298708
2464 0.00442628958508
2465 0.00272824372679
2466 0.0120816624237
2467 -0.000356267730086
2468 -0.0162178027003
2469 0.0109532373357
2470 -0.0135439140341
2471 -0.00798220048557
2472 -0.0108135233414
2473 -0.00168882473621
2474 -0.003770095448
2475 0.00558399433231
2476 0.00335426676787
2477 -0.0183664664489
2478 0.0213351477484
2479 0.0171652439886
2480 0.0111004648108
2481 -0.00342074490276
2482 0.00281863663508
2483 0.0024188984349
2484 -0.00260561120245
2485 0.00031708603234
2486 0.00121326225961
2487 -0.000523893484211
2488 -0.00181458360713
2489 -0.00322153210124
2490 0.00525152937284
2491 -0.0067932791998
2492 0.00501909425071
2493 -6.37700458741e-05
2494 -0.00110295270895
2495 0.0174158779266
2496 0.0068618662654
2497 0.00848396198048
2498 -0.0081261876182
2499 -0.000990310159494
2500 0.00821328557553
2501 0.00331978775172
2502 0.00141466461031
2503 -0.00210803832419
2504 -0.0222558484665
2505 0.000563436274245
2506 -0.00417915323909
2507 0.00439122505228
2508 -0.00559392322158
2509 -0.00463766846353
2510 -0.00948928568717
2511 -0.0164956209195
2512 -0.00376142054748
2513 0.00429889760951
2514 -0.00346448772767
2515 -0.00696048407298
2516 0.00240080527629
2517 -0.00312557144387
2518 -0.0062601150683
2519 -0.00798665677662
2520 0.0125442671854
2521 0.00157249976816
2522 0.00798266837575
2523 -0.00469717087277
2524 -0.00463892093683
2525 0.00909227470243
2526 -0.000346905244706
2527 -0.00543489342307
2528 -0.00472554788331
2529 0.00470456958921
2530 -0.0118067201083
2531 -0.0101626857654
2532 -0.00661012210016
2533 0.00840513761346
2534 -0.0123499416531
2535 -0.00717728656939
2536 -0.014683561845
2537 0.0152364025245
2538 -0.0136488402317
2539 0.0153523422652
2540 0.00641969723329
2541 -0.0116073002355
2542 -0.0165978734944
2543 -0.00220172768775
2544 -0.0122216034025
2545 0.00481043254763
2546 -0.0182929824802
2547 0.0107219957962
2548 -0.00502881088569
2549 0.00274119079685
2550 0.00869887800147
2551 -0.00264679535988
2552 -0.00703452790364
2553 -0.0219183727932
2554 -0.0110714447651
2555 -0.0116552425972
2556 -0.00261892550858
2557 -0.00522705821639
2558 -0.00600157407271
2559 -0.0139131411269
2560 -0.0050964199234
2561 0.0277710671034
2562 -0.00279983655202
2563 -0.0109228913299
2564 0.000565570193203
2565 0.00887515456769
2566 0.00819221004162
2567 -0.00223024813952
2568 0.00089311712771
2569 -0.0165322884824
2570 0.00470745738368
2571 -0.0132220863945
2572 -0.00109660198818
2573 0.00745919783956
2574 -0.0116091415991
2575 -0.0102944960856
2576 -0.0106153897311
2577 0.00584382681077
2578 0.010153629483
2579 0.00616608329075
2580 -0.0164632366639
2581 0.00432585191036
2582 -0.00940854987788
2583 0.00548796564301
2584 0.0146886103902
2585 0.00512346943664
2586 0.0130462298091
2587 -0.00375379283605
2588 -0.00445999395323
2589 -0.00817153709457
2590 0.0056256729549
2591 -0.0105345820567
2592 -0.00539360753981
2593 -0.000787436435596
2594 0.0128548655582
2595 -0.0157607038043
2596 0.0160280727057
2597 -0.0207678120899
2598 0.00329570368612
2599 -0.0097889223316
2600 -0.00337034965897
2601 0.00743098074662
2602 -0.00293500728386
2603 0.00311036476344
2604 0.00693808305274
2605 -0.00546673298758
2606 -0.000725276007996
2607 -0.0148959077348
2608 -0.00688819977437
2609 0.00152852912059
2610 -0.0243415690188
2611 -0.00415598405066
2612 -0.00260458043009
2613 0.00816989678468
2614 0.00440143856893
2615 -0.000979048303599
2616 0.00458229564399
2617 0.0179175903538
2618 0.00637456488617
2619 -0.00533377491986
2620 -0.0151882310184
2621 -0.0223816058637
2622 0.00695648209562
2623 -0.00151125685731
2624 -0.00418283707883
2625 -0.0123201890675
2626 -0.00415857928148
2627 0.00134308225792
2628 -0.0127715768711
2629 -0.000382581359735
2630 0.0133715111576
2631 -0.00231941474479
2632 0.00523287268189
2633 -0.00690449060838
2634 0.00591529371854
2635 0.00480105338738
2636 0.00816050119661
2637 -0.00130862564005
2638 -0.000121494145906
2639 0.0157830012879
2640 0.00159687619953
2641 -8.29429387467e-05
2642 -0.00272490237569
2643 0.0173725345866
2644 -0.00672519685513
2645 -0.000435581922772
2646 0.0283806618699
2647 0.011130203241
2648 -0.010636227725
2649 0.00855257934029
2650 0.0190073636915
2651 -0.0109415270419
2652 0.00304268143732
2653 -0.0141716301811
2654 0.00984631131897
2655 -0.00692026527272
2656 0.00466930924077
2657 -0.0178146087232
2658 -0.00183751320887
2659 0.00992152565434
2660 -0.0132441832793
2661 0.0258861328262
2662 -0.0154379985378
2663 -0.00356183530959
2664 0.00156680091013
2665 0.0049451908183
2666 0.00186240894038
2667 0.012168280949
2668 -0.00409300552964
2669 -0.0086915530588
2670 0.0129600601562
2671 -0.000317335643991
2672 0.00871948284069
2673 0.0103021971253
2674 -0.00622354796564
2675 0.000731940784076
2676 0.00643899054701
2677 0.00951053679637
2678 0.000915786740092
2679 0.00328057060648
2680 -0.00485225323943
2681 0.0107035916878
2682 -0.00937198467785
2683 0.00892426712407
2684 0.000129359521089
2685 0.00670598392828
2686 0.0168012330458
2687 0.00888310501835
2688 0.00375292303806
2689 0.0125249260556
2690 0.00198250155041
2691 0.00612671677252
2692 0.0101019053359
2693 0.0155412680212
2694 -0.00537835197466
2695 0.00247219690948
2696 -7.75714466804e-05
2697 0.00475303195744
2698 -0.00206972559352
2699 -0.0126741712594
2700 -0.00238486539889
2701 -0.00521738028484
2702 -0.00761224181432
2703 -0.0128488005419
2704 -0.000381604469295
2705 -0.0105290363761
2706 0.00841974323114
2707 -0.0138341056594
2708 0.0184167064264
2709 -0.0115055353768
2710 -0.00279392483246
2711 -0.00331372067197
2712 -0.0088034920064
2713 -0.00374750224387
2714 0.00727885242887
2715 0.00907861730839
2716 0.00699773093216
2717 0.000964053013548
2718 0.0298305667502
2719 0.0158483612968
2720 -0.0140192841963
2721 0.0102516050265
2722 0.00103629874001
2723 -3.24897640198e-05
2724 0.0021060362849
2725 0.0121034934241
2726 0.00268968791127
2727 0.00426128346759
2728 -0.0035339846489
2729 -0.0130276607963
2730 -0.0217847214022
2731 -0.00444428845928
2732 -5.31522137282e-05
2733 0.00602816415206
2734 -0.0135235104595
2735 2.8179256715e-05
2736 -0.00423911670955
2737 0.0130019249034
2738 0.00386311601648
2739 0.0125101689622
2740 -0.0159114280088
2741 0.00851142278497
2742 -0.008069292941
2743 -0.00663129239095
2744 0.00616476035229
2745 0.00897994604388
2746 0.0012953229101
2747 0.0258904414718
2748 0.00605035671854
2749 -0.000849442446912
2750 0.00955442400812
2751 -0.000740306930136
2752 -0.00355147286381
2753 0.000417017103706
2754 -0.000714964213841
2755 0.00991756560058
2756 -0.0022399278705
2757 0.00213864319648
2758 -0.0179364363778
2759 -0.00797119604881
2760 -0.00377953342721
2761 0.00466878260094
2762 0.00707085283651
2763 -0.00461151303363
2764 0.000462695958177
2765 0.00704056053227
2766 0.00473205014259
2767 -0.00493423119053
2768 0.00885416381658
2769 0.00325578235629
2770 -0.0116456754078
2771 -0.0150932914523
2772 0.017981185614
2773 -0.00862920373408
2774 0.000741070812782
2775 -0.00322880074608
2776 0.00265682521045
2777 0.00282426666782
2778 0.000372211405527
2779 0.00190300484647
2780 0.0132411031193
2781 -0.00751649863401
2782 -0.00806776741962
2783 -0.00952237863147
2784 0.00162146174584
2785 -0.0151257131415
2786 -0.00699077347258
2787 -0.0136193779293
2788 0.015747041944
2789 -0.0143160362692
2790 0.00706477568144
2791 0.0145284940821
2792 0.0131463519289
2793 0.00910126296082
2794 0.0116995849075
2795 0.00548918759397
2796 0.00490311557829
2797 -0.000249794821893
2798 -0.00254712548108
2799 -0.0117412427611
2800 -0.00590323314333
2801 0.000423624466784
2802 0.00864299725605
2803 -0.0114287616847
2804 0.00571272311623
2805 -0.0153596020466
2806 -0.00792878858357
2807 -0.00509602439184
2808 -0.0223881260245
2809 0.00758992186422
2810 -0.015243438654
2811 -0.0252513167013
2812 -0.012716716276
2813 0.00722648007412
2814 -0.00676959100899
2815 0.00711436148259
2816 -0.0018318617465
2817 0.0068211082554
2818 -0.00189208215038
2819 0.00145874927771
2820 -0.0101509783566
2821 0.000837869532747
2822 -0.0197772537458
2823 -0.010419706186
2824 0.00143227226645
2825 -0.0262220412992
2826 -0.0022574802023
2827 -0.003541243565
2828 -0.0129147794372
2829 0.00917970524971
2830 0.00294215433481
2831 -9.19793947456e-05
2832 0.0244730777356
2833 0.00219127401102
2834 -0.00995075834398
2835 0.00356886408924
2836 0.0124910664223
2837 0.00176715764782
2838 0.014665273074
2839 0.0120285130815
2840 -0.00571103801819
2841 -0.00413436480682
2842 -0.0116310505847
2843 0.0130626712753
2844 0.0156109103375
2845 -0.0110130150917
2846 0.00183370422359
2847 -0.013757751593
2848 0.00502269901821
2849 -0.0157451137038
2850 -0.000361728739329
2851 -0.00808703097158
2852 -0.00968037245574
2853 0.0105561085257
2854 -7.16797566806e-05
2855 -0.0137354605753
2856 -0.00532310467114
2857 0.00341409231377
2858 -0.00774702722094
2859 0.00243740399186
2860 0.00604712699791
2861 -0.00580738719709
2862 0.00713154913967
2863 -0.00173445276295
2864 0.00227410963418
2865 0.00520929825941
2866 -0.000111126870525
2867 0.0159672330935
2868 -0.00364830583433
2869 0.0248667777027
2870 -0.00735049151144
2871 -0.0130828842803
2872 -0.00402032160828
2873 -0.0073644461776
2874 -0.000186933573225
2875 -0.0072694195287
2876 0.0111700031802
2877 0.000970066544018
2878 -0.00686831564265
2879 0.00848153127018
2880 0.00165387018388
2881 -0.00232804654159
2882 -0.00493406271466
2883 -0.018144755105
2884 -0.00211165909902
2885 -0.00761004717333
2886 -0.00373733478626
2887 -0.0112594096003
2888 0.00768254911579
2889 -0.0117969978563
2890 -0.00250036335679
2891 0.015572514344
2892 0.00333238304944
2893 0.00768311869787
2894 0.00393043764029
2895 0.00497684008918
2896 -0.0036310514188
2897 -0.0112585052052
2898 0.00734949774084
2899 0.0171525589822
2900 -0.015710383968
2901 -0.00572965760926
2902 -0.0180897346033
2903 0.00151512231535
2904 0.00308621468527
2905 0.00663821665461
2906 -0.01106729198
2907 0.0128344665132
2908 0.00240009677944
2909 0.0037867844298
2910 -0.00102041229286
2911 -0.00138216404298
2912 -0.00498221491972
2913 0.0111683492391
2914 -0.00746093407658
2915 -0.0144516470811
2916 0.00106800936759
2917 0.0150762249022
2918 0.0238334061657
2919 0.00848552341628
2920 0.0048202900508
2921 0.00717344750469
2922 0.0106383119535
2923 0.00990749104637
2924 -0.0177361884109
2925 -0.00502551578231
2926 -0.0107236509828
2927 0.00479798414395
2928 0.0121878200803
2929 0.00350910751784
2930 -0.0195557990614
2931 -0.00612795507927
2932 -0.00117230005211
2933 0.00386896323536
2934 -0.0229669610141
2935 0.00517811836032
2936 -0.000386790575059
2937 0.00241710077421
2938 -0.00398156909924
2939 -0.00797709558808
2940 -0.0146853599565
2941 -0.00986572019616
2942 0.0291126253066
2943 -0.00116774808397
2944 -0.0124617249529
2945 -0.00152481933517
2946 -0.00405398841835
2947 -0.00235060837664
2948 -0.00223057386585
2949 -0.00206422726366
2950 -0.00447818244454
2951 0.00714835351389
2952 -0.00877276484104
2953 -0.00848682533598
2954 0.00411881945228
2955 0.00418173732199
2956 -0.00145386189857
2957 0.00248585380428
2958 0.00192620046197
2959 -0.00233794435319
2960 -0.00764535701471
2961 -0.0151276248037
2962 0.00940833955269
2963 -0.00181695274892
2964 -0.00595608435405
2965 -0.00544530796507
2966 -0.00479377166458
2967 0.00220798114762
2968 0.00681640820319
2969 0.00105515992317
2970 -0.019681301507
2971 0.0142112656605
2972 0.00422516505403
2973 -0.0041579949488
2974 -0.0148381655041
2975 0.0118504092353
2976 -0.00505680284389
2977 0.0126637894498
2978 0.00307270745702
2979 0.00688054523014
2980 -0.00249203384824
2981 0.0192340199842
2982 0.0123691475969
2983 0.00582220196395
2984 0.00272682619791
2985 -0.00181592973481
2986 -0.0196921564403
2987 0.00332875494182
2988 -0.0107119405921
2989 -0.00814741440431
2990 -0.00487445583168
2991 0.00980823017416
2992 0.00435945123713
2993 0.00200680197563
2994 0.0085748905492
2995 -0.00992521308805
2996 0.0129016373755
2997 0.0164259199
2998 -0.000977072580676
2999 0.00223730568858
3000 0.0129242918508
3001 -0.00787884261531
3002 0.0170878276733
3003 -0.0113613272355
3004 -0.00450080263566
3005 -0.00317815226503
3006 0.0232420320463
3007 -0.00204185269663
3008 0.000116433102179
3009 0.0116112016404
3010 0.0187439496271
3011 -0.00569379482957
3012 0.00119919189076
3013 0.0128643267422
3014 0.00343117992861
3015 -0.0060267962987
3016 0.013385834084
3017 0.0193167247427
3018 -0.00478553724252
3019 -0.00272792884704
3020 0.00186118916386
3021 -0.00703423521799
3022 -0.0150370531735
3023 -0.0159887698968
3024 -0.000478976963871
3025 -0.0116714838976
3026 0.000444280213599
3027 -0.00224696649082
3028 -0.0139244576328
3029 0.0191905229982
3030 -0.0126559228127
3031 0.000622451688342
3032 -0.0177419911168
3033 -0.0092229236466
3034 0.00369982181214
3035 0.0298666817932
3036 0.0049334625247
3037 0.00280694598364
3038 0.00156653797889
3039 -0.0122182148583
3040 0.00240963222866
3041 -0.00345267649551
3042 0.0169604121625
3043 -0.00757734752293
3044 -0.0155670132394
3045 -0.0239235711589
3046 0.00733606363585
3047 0.0249340992046
3048 0.00167280712293
3049 0.000407228919883
3050 -0.00800090921971
3051 -0.0107306452556
3052 0.000768862207288
3053 0.00270935156948
3054 0.000750376415493
3055 0.00383630182886
3056 -0.0209477115289
3057 -0.00109322037875
3058 0.00118397266001
3059 -0.00235536614732
3060 0.000361306218397
3061 0.0105377505661
3062 -0.00534298682031
3063 0.00393006433833
3064 -0.00448564333276
3065 0.0136752003326
3066 -0.00221141254612
3067 0.002341575677
3068 0.00226442789876
3069 -0.00302234560026
3070 -0.00276160998375
3071 -0.0133876554378
3072 -0.0202759533579
3073 -0.000649346706769
3074 0.00609857700983
3075 0.0168527457954
3076 -0.00147647497722
3077 0.000805237820863
3078 0.0105081462664
3079 -0.0130173957375
3080 -0.00198123315541
3081 -0.0102548507778
3082 -0.0119155444619
3083 -0.000915096822858
3084 0.0140037090064
3085 0.00278446404321
3086 0.012312678879
3087 -0.00815117573556
3088 -0.0159558375051
3089 -0.00365899546786
3090 -0.00473047253724
3091 0.0154863509494
3092 -0.00421606992402
3093 -0.0143413630502
3094 0.00583374008806
3095 0.0070711237062
3096 0.000465030313835
3097 -0.00112860065483
3098 -0.00361677094781
3099 0.00644200686605
3100 -0.0035008536137
3101 0.0121214461997
3102 5.16643715173e-05
3103 -0.00884274066348
3104 -0.00364775076291
3105 -0.00564595534786
3106 -0.00370002156867
3107 -0.0100245185171
3108 -0.0250164107966
3109 -0.0100571796986
3110 0.0102576595014
3111 0.000756643301998
3112 -0.0192300041367
3113 -0.0109733067946
3114 0.0191284523674
3115 0.000658047132244
3116 0.00508747882195
3117 -0.009276297625
3118 -0.0012665332278
3119 0.0212594990733
3120 0.017848752025
3121 0.0102394933333
3122 -0.00658925643352
3123 -0.00167834466954
3124 -0.03042242436
3125 -0.0150186615546
3126 -0.0131758044301
3127 0.00379465810234
3128 0.00350345146979
3129 -0.00816230003094
3130 0.00323729680471
3131 -0.00219973126868
3132 0.0110287466236
3133 0.0046755828186
3134 -0.00792400303994
3135 -0.00997519848581
3136 0.02162541067
3137 -0.00175468573063
3138 -0.0236960961553
3139 -0.0124886930406
3140 0.000206417353849
3141 0.0101196670852
3142 0.0172869022813
3143 -0.00475205992375
3144 -0.0128623518647
3145 -0.0118776158345
3146 0.00823247281711
3147 -0.00157428491856
3148 0.00691528297034
3149 -0.0202531601196
3150 -0.0127287984791
3151 -0.00537387730515
3152 0.000189551068919
3153 0.015546725533
3154 -0.004873076306
3155 -0.0111212702589
3156 -0.00292679482171
3157 0.00408974176507
3158 -0.00543781596497
3159 -0.00873374457411
3160 0.00753327359389
3161 0.00114564317888
3162 -0.0126042836217
3163 0.0029598215968
3164 0.0161406470446
3165 -0.0076118657191
3166 0.00620241383028
3167 0.00729142969955
3168 -0.000188957761328
3169 0.00103370780054
3170 -0.0069035034017
3171 0.00993634821185
3172 -0.00448378203452
3173 0.00425210357276
3174 0.0053020043305
3175 0.0109268049374
3176 0.000851548068723
3177 -0.0141110520867
3178 0.0113622438535
3179 0.00285274875896
3180 0.012977539398
3181 0.00882671733522
3182 -0.00556777445364
3183 0.00145886297285
3184 0.00185542643378
3185 0.00354797514386
3186 0.00223825513116
3187 -0.00357073562136
3188 -0.00581362557123
3189 0.000381132730463
3190 -0.00176502603355
3191 -0.0127869053123
3192 0.000754591597622
3193 0.00725578395807
3194 -0.0100225539723
3195 0.00251100164794
3196 -0.00782695938729
3197 0.0165336006722
3198 -0.0107425150074
3199 -0.00915301093857
3200 -0.0115496769976
3201 0.0151746794388
3202 -0.00959818861443
3203 -0.00245941820904
3204 -0.00542916047665
3205 -0.00871478702953
3206 0.00974218631418
3207 -0.0150324515245
3208 0.00181354875293
3209 0.00494162506209
3210 -0.0143662792606
3211 0.00436839483998
3212 0.00683488964937
3213 0.00394686286735
3214 0.00467101011077
3215 0.00859797490794
3216 0.00407925215707
3217 -0.0054428764949
3218 -0.0106769779791
3219 -0.0028065872956
3220 0.026067413646
3221 -0.0129050975589
3222 -0.00377469933201
3223 -0.00860078751395
3224 0.0116026620013
3225 -0.0263371780103
3226 0.0089010882631
3227 0.015480429807
3228 -0.00249469939036
3229 -0.00824467394477
3230 0.011094881798
3231 -0.00573577021638
3232 0.00179102915741
3233 -0.0154089827693
3234 0.00570312270365
3235 0.0165168900027
3236 0.00257650808204
3237 -0.00718171585095
3238 0.00429380407421
3239 0.00236709992903
3240 0.00255048124197
3241 -0.00755023481811
3242 0.0121895467717
3243 -0.00800453167045
3244 0.00812081365091
3245 -0.00473783950043
3246 -0.00845546590311
3247 0.00469394017903
3248 0.00902320548665
3249 0.0119977025469
3250 0.0378475264336
3251 0.00271068398985
3252 0.0194744393483
3253 0.00836120598935
3254 -0.0171554246349
3255 -0.0064880230978
3256 0.00453995049469
3257 0.00575454853322
3258 0.0094315317308
3259 -0.00380010895475
3260 -0.0039498432215
3261 -0.0179952792078
3262 -0.00293769095905
3263 0.0173161162305
3264 0.000772088676449
3265 -0.00312370836056
3266 0.00425650300559
3267 0.000258799133407
3268 0.00714021541744
3269 0.0113518778634
3270 0.019262422854
3271 -0.0117277818293
3272 -0.00399838733689
3273 -0.0138130453422
3274 0.00386561024079
3275 0.0112662605363
3276 -0.00905258897442
3277 -0.00912663879079
3278 -0.0151648805626
3279 -0.000447568218214
3280 0.0170979343538
3281 -0.00269191380402
3282 -0.00405442713839
3283 -0.00780162694151
3284 0.00422043674129
3285 0.0105822405065
3286 -0.00549832019031
3287 0.00466730976305
3288 0.00664676520272
3289 0.0080540703935
3290 0.0164641861466
3291 0.00144647235755
3292 0.0088002379754
3293 0.00603893693981
3294 -0.0230752504492
3295 -0.00308128670577
3296 -3.14460863183e-05
3297 -0.00660837167974
3298 -0.0177633604083
3299 0.000888637476922
3300 0.0198165153793
3301 -0.0130958897618
3302 0.00230751698901
3303 0.000931897691175
3304 -0.007427340443
3305 -0.00252528090692
3306 -0.014294592442
3307 -0.00749945706179
3308 0.000725492056938
3309 0.000733779962971
3310 0.0166620670326
3311 -0.00103261311799
3312 0.0113787984446
3313 -0.00388182653337
3314 -0.00297961215275
3315 -0.00251062854655
3316 -8.38233268944e-05
3317 -0.00845715961001
3318 -0.00334899346243
3319 0.00830568294871
3320 -0.00350569475169
3321 0.00603479321592
3322 -0.0155386588005
3323 0.000381542206056
3324 0.00227375097884
3325 0.00654575262559
3326 -0.00362841826623
3327 0.00133981700418
3328 0.00647571029452
3329 -0.00291053855203
3330 -0.00729664309785
3331 -0.0216196936142
3332 0.00397261298476
3333 0.00634494916835
3334 -0.00965147703962
3335 0.00825322760744
3336 -0.0118354045541
3337 -0.00316380050719
3338 0.00161913371497
3339 0.00862819250212
3340 0.00820245018198
3341 -0.00706680351059
3342 -0.00899373299777
3343 0.0197017022612
3344 0.00301586286996
3345 -0.014823314795
3346 0.00606094661216
3347 -0.00406742760071
3348 -0.0116084399434
3349 0.00412130359564
3350 0.0108050616089
3351 -0.00416828232628
3352 -0.00662522623451
3353 0.0178107093892
3354 -0.0103301756522
3355 0.00773253395066
3356 -0.00196640437232
3357 -0.00595904634896
3358 0.0101732013699
3359 0.00265476271814
3360 5.70283533985e-05
3361 -0.00488843385938
3362 0.00158202491433
3363 -0.0190524812339
3364 -0.00149762963691
3365 0.00705259688986
3366 -0.00758565378442
3367 -0.00715769285282
3368 0.000267797716952
3369 -0.00275946021217
3370 0.0048245313076
3371 -0.00372830530255
3372 -0.00911632654564
3373 0.00899437410546
3374 0.000779397044038
3375 0.00659134979567
3376 0.0109795378645
3377 0.00260947092036
3378 -0.0125353501175
3379 0.00169752543537
3380 0.000428294101982
3381 0.0151675772478
3382 -0.0282381606919
3383 0.00605941909794
3384 0.0142628065398
3385 -0.00713864849432
3386 0.0104101952425
3387 0.00708097244309
3388 -0.00756652668515
3389 -0.000994775699055
3390 -0.0140326842606
3391 -0.00272101861761
3392 -0.00797677312519
3393 -0.0181587223162
3394 0.0233217166421
3395 -0.00122652081952
3396 0.00231754116478
3397 -0.00842117780939
3398 0.0107176470106
3399 -0.00457444900919
3400 -0.0151750545561
3401 0.0153596855886
3402 -0.00806550495612
3403 0.00582121191625
3404 -0.0119130880565
3405 -0.00272073015846
3406 -0.00564370278998
3407 -0.0186270931068
3408 -0.00879269510071
3409 -0.00373464339506
3410 0.00180199149524
3411 -0.0120585834927
3412 0.00763280293949
3413 -0.000669949852838
3414 -0.00740677634706
3415 -0.0045337133633
3416 -0.00806096964087
3417 -0.00423558983793
3418 -0.00103108812707
3419 -0.00835857658375
3420 -0.00812872378034
3421 0.00125770206323
3422 0.0116864441878
3423 -0.0118173550194
3424 -0.00995990826642
3425 -0.00379477048369
3426 -0.000874933859403
3427 -0.00393913145798
3428 -0.00963049672774
3429 0.00896533914907
3430 0.0152593779564
3431 0.00136523503324
3432 0.0161561169466
3433 0.018369738535
3434 0.00376047927844
3435 -0.0108188108831
3436 0.00959058432415
3437 0.00684895082231
3438 -0.012223112526
3439 0.000882742151875
3440 -0.000768620799912
3441 -0.00911586436322
3442 -0.00479235016486
3443 0.00925671442892
3444 0.00892829448848
3445 -0.00110935646781
3446 0.0128185672413
3447 -0.023012334536
3448 -0.019141557668
3449 0.00358113419254
3450 -0.0125353090327
3451 -0.00694879894876
3452 -0.000115991481463
3453 -0.00887248577107
3454 0.0116994930157
3455 -0.0109797917512
3456 0.00794234727064
3457 -0.0193951335102
3458 -0.0117353137182
3459 0.00476669212739
3460 -0.00655453575856
3461 -0.0191353923934
3462 -0.00950408991509
3463 0.00648914750868
3464 0.00200565133472
3465 0.0023907963959
3466 -0.00234904029593
3467 0.0105411528296
3468 0.000348075914951
3469 -0.00311655421494
3470 0.000953033064159
3471 0.00261028221366
3472 0.000595657958966
3473 0.0140358580696
3474 0.0096276468168
3475 0.00111325045861
3476 0.00819376532136
3477 0.00274838924653
3478 0.0102854857759
3479 -0.00602986554488
3480 -0.00304605641394
3481 0.00105956427208
3482 -0.00233334094371
3483 0.0109044517527
3484 0.00808818438803
3485 -0.0139212765394
3486 -0.0198396764654
3487 0.00881007812156
3488 0.00456758216854
3489 0.00523480860513
3490 -0.00883128115145
3491 0.00458289346716
3492 0.00481804007267
3493 -0.00156043189679
3494 -0.0121842764243
3495 -0.00355248499512
3496 -0.00475718904953
3497 0.0110595461523
3498 0.0112517010332
3499 -0.00364518210788
3500 0.00257001718375
3501 0.00789255656218
3502 -0.0158614194503
3503 0.0104708874903
3504 0.00316785904389
3505 0.00613869512203
3506 -0.000416475484811
3507 -0.00093164633428
3508 0.00555617286597
3509 -0.0129952112945
3510 -0.00587063044061
3511 0.00632063841039
3512 -0.00697768483116
3513 -0.00247778736596
3514 0.000795943997141
3515 -0.00532496346902
3516 0.00569241268963
3517 -0.00275742563024
3518 0.00851534181553
3519 -0.00961323939999
3520 -0.00892988889716
3521 -0.00370670403288
3522 -0.01535688899
3523 -0.00297295502697
3524 -0.0029897725837
3525 -0.0184327675351
3526 0.0178156490552
3527 -0.00384713701632
3528 -0.00874501873883
3529 -0.0165520949125
3530 -0.00362659861644
3531 0.0171559337858
3532 0.00638735557773
3533 0.00285756852247
3534 -0.0181942834235
3535 -0.00511130080087
3536 -0.00406763705057
3537 -0.015385572551
3538 0.00802000651804
3539 -0.00291460175252
3540 -0.00868101000687
3541 0.00182604950528
3542 0.0103400682508
3543 -0.00173146882535
3544 0.0168560267589
3545 0.0056392970971
3546 -0.00727689026184
3547 0.00218150141264
3548 -0.0072145774126
3549 -0.0213621971937
3550 -0.00322284541978
3551 -0.00252111531205
3552 -0.00285504205986
3553 -0.00205707831009
3554 -0.00290159357912
3555 0.00733401784454
3556 -0.00369781228803
3557 0.00458197904493
3558 -0.0226563838396
3559 -0.00979634634395
3560 -0.00231936288211
3561 0.0169214522589
3562 0.00786694326352
3563 0.00437377299658
3564 0.00765300639437
3565 0.00708930868269
3566 0.00151922704513
3567 -0.00882430876431
3568 0.00147782244238
3569 0.00355668492567
3570 -0.0062533247724
3571 -0.0050961460539
3572 -0.00727665758248
3573 0.00808693699217
3574 -0.00732828494306
3575 -0.0147973836338
3576 0.0165048670476
3577 0.00640452263898
3578 -0.00177263424433
3579 0.00244786176406
3580 0.0120813572305
3581 0.000112810068087
3582 -0.0210611716075
3583 -0.00436967244278
3584 -0.0138137375924
3585 -0.000844572226405
3586 -0.00805763384704
3587 -0.00236834253706
3588 -0.000324942077431
3589 -0.000972906148794
3590 -0.00269000773488
3591 0.0127897618566
3592 -0.012106682175
3593 0.00674112329285
3594 0.00512526509713
3595 0.0043285919983
3596 -0.0224085691682
3597 0.00201765987084
3598 0.0011683960821
3599 -0.00470162597704
3600 -0.00113928267698
3601 0.0170450953319
3602 0.00734314512549
3603 0.0276409033987
3604 -0.013328041818
3605 0.00328342945572
3606 0.00428932848023
3607 0.0102641020223
3608 0.00377715971523
3609 -0.00344663910604
3610 -0.00162608875502
3611 0.00755436658536
3612 0.00706450454284
3613 -0.011160611325
3614 0.00459421234471
3615 0.0109847969437
3616 0.00928615666321
3617 0.00709233136804
3618 -0.0117015365759
3619 -0.0153930314309
3620 0.000449786590003
3621 -0.00544721508415
3622 -0.0138991089457
3623 -0.0138233133423
3624 0.00253344360689
3625 -0.00204404430537
3626 -6.44261022147e-05
3627 0.000425016816882
3628 0.00627535790972
3629 -0.00664083734581
3630 -0.00377096328492
3631 -0.0125866683145
3632 0.00109860059906
3633 0.0112785850525
3634 0.00299411326088
3635 0.00748002950254
3636 0.00451410571862
3637 -0.0164834335371
3638 0.0122490449048
3639 0.00279658178214
3640 0.018903408037
3641 0.00499805311152
3642 0.00775726954263
3643 0.00182424245735
3644 -0.0192073493469
3645 -0.00391934172689
3646 -0.00862853120756
3647 0.00446894349921
3648 0.00506117150715
3649 0.00056005214522
3650 0.0160180235781
3651 -0.00267854030518
3652 -0.0103962022242
3653 0.0105489832116
3654 -0.0149005188197
3655 -0.0060733283987
3656 -0.00129726185309
3657 0.0049634820425
3658 0.00831753849229
3659 -0.00693216871007
3660 0.0090027465358
3661 -0.00737662613017
3662 0.00547198825471
3663 -0.00264661648619
3664 -0.0133099210701
3665 0.00488336034677
3666 -0.00536850829868
3667 0.00306942707694
3668 -0.000715780204226
3669 0.00150214896202
3670 -0.0112538825274
3671 -0.00841775369796
3672 -0.00189009259622
3673 -0.0025753997141
3674 -0.00106616896226
3675 0.012869289842
3676 0.000571935621273
3677 0.00627851915412
3678 -0.00798109042206
3679 0.0132119969796
3680 0.00286675514291
3681 0.00605279851321
3682 -0.0181382703413
3683 -0.00823654466973
3684 0.0131391467639
3685 0.00192730935888
3686 0.00467786309364
3687 -0.00122808543037
3688 0.00503387448439
3689 -0.00116111994758
3690 -0.0156829748828
3691 -0.0108366581218
3692 0.00547190564653
3693 0.00637576370407
3694 0.00519017360759
3695 0.00536553927662
3696 0.0135383534353
3697 -0.0157490905542
3698 0.00216691751574
3699 0.00314110318902
3700 -0.00322245084664
3701 -0.00682427538722
3702 0.00344462928039
3703 0.00382672048844
3704 0.0100485473864
3705 -0.00690067436694
3706 0.00648729081485
3707 0.0179298361596
3708 -0.00536275173842
3709 0.00514259267575
3710 -0.000310998507491
3711 -0.00243045039831
3712 0.00378253627439
3713 0.0059509636536
3714 -0.00821253953494
3715 -0.00102321553273
3716 0.00168148496049
3717 -0.0024494018869
3718 -0.018074782665
3719 -0.0137685016095
3720 -0.00300421090725
3721 0.00358857720671
3722 0.00953372395988
3723 -0.00295724105669
3724 0.00348598138992
3725 -0.00789001688541
3726 0.011375522908
3727 0.00491843827176
3728 0.00661859078731
3729 -0.0046196159765
3730 0.00158804195545
3731 -0.00440753572499
3732 -0.00769227039493
3733 0.00614978053256
3734 0.0096172984667
3735 -0.00197546244646
3736 -0.00745332823332
3737 0.00233602489132
3738 0.0120724294666
3739 -0.00531548590553
3740 0.00284907685663
3741 -0.00838571717375
3742 -0.00787639828318
3743 -0.00105993735351
3744 0.0181458589079
3745 0.00803157203512
3746 -0.00830934573332
3747 -0.00798131532785
3748 -0.0172106864346
3749 -0.0134620954628
3750 0.00590131739385
3751 -0.00585297851757
3752 -0.00935483001323
3753 -0.00314486692006
3754 -0.00263001323536
3755 -0.00978467901912
3756 -0.00560981688167
3757 0.001023737272
3758 0.00709846857562
3759 0.00701679459742
3760 0.00371583559652
3761 0.00193529261784
3762 -0.00717065655855
3763 -0.00200265604174
3764 0.011180362483
3765 0.0249000010399
3766 -0.00649902073239
3767 -0.00654714953116
3768 0.00141558482053
3769 -0.000896632830137
3770 0.0150647772823
3771 0.0138462761777
3772 0.00215381965407
3773 -0.0065405657206
3774 0.0177744549936
3775 -0.00450320822992
3776 0.0093259364029
3777 0.00696918554752
3778 -0.0132612590739
3779 0.013916375149
3780 -0.0113022246381
3781 -0.0122703823605
3782 0.00691608383622
3783 -0.00173430253669
3784 0.0233860130579
3785 0.00700898347193
3786 -0.0150666463887
3787 0.00824318413904
3788 0.000313756109958
3789 -0.00858470122153
3790 -0.00330588582814
3791 0.0135986939621
3792 -0.00563361233664
3793 -0.00166029966046
3794 0.0165046533113
3795 -0.00214313020609
3796 -0.00473650297821
3797 0.00178833250859
3798 -0.00265665391088
3799 0.0155898078846
3800 -0.0112094622893
3801 0.0122903225059
3802 -0.000900569877234
3803 0.00241550579818
3804 -0.00276921738712
3805 -0.000480837871154
3806 0.0129598853062
3807 -0.00722661132297
3808 0.00847267269318
3809 0.00397895202866
3810 -0.000623696270253
3811 0.0049839449433
3812 -0.000765504979076
3813 -0.00220205852098
3814 -0.00797012988414
3815 0.00105864173756
3816 -0.00566205468299
3817 0.0259556258471
3818 -0.000364223506528
3819 -0.0127913633407
3820 0.00234707465074
3821 0.0107867877388
3822 0.00188650907526
3823 0.00548004803636
3824 0.00940823206175
3825 -0.00525515384814
3826 0.00418515765364
3827 -0.0158876103855
3828 0.00200115525571
3829 0.0102853194274
3830 0.00769870493334
3831 0.00477120137837
3832 0.000147225514803
3833 -0.00048737366251
3834 0.0206893630336
3835 0.0174156160656
3836 0.00407199444207
3837 0.0019136475906
3838 0.000815023294133
3839 -0.0068122152474
3840 0.0176965294014
3841 0.00445716356718
3842 -0.0188748602073
3843 0.00341446913858
3844 0.00233467277676
3845 0.00998675235794
3846 -0.0139304045555
3847 0.00112646438847
3848 0.00277512960154
3849 0.019006669149
3850 0.00266122808995
3851 -0.0116632853935
3852 0.0141419136409
3853 0.0176312719087
3854 -0.010400270937
3855 0.00213959557759
3856 -0.00186766807932
3857 0.0165960279733
3858 -0.0092486548946
3859 0.000772926397785
3860 -0.00141485934671
3861 -0.0196431411033
3862 0.00791888972429
3863 -0.0132897735134
3864 0.0180316884112
3865 -0.00321880667124
3866 -0.00073792457568
3867 0.00858274498699
3868 -0.00189653063948
3869 5.66856240204e-05
3870 -0.0112484932116
3871 0.00221171645221
3872 0.00184293602381
3873 -0.0121299134415
3874 -0.0114244250484
3875 0.016242225837
3876 0.00768501504095
3877 0.00429651037781
3878 -0.0164216517443
3879 -0.00554305881494
3880 0.000612299084651
3881 -0.0130498262556
3882 -0.00339760942611
3883 0.00974008640706
3884 -0.0224286720698
3885 0.00224430623099
3886 0.0131782510262
3887 -0.0112990085341
3888 0.00169776955806
3889 0.0111349089079
3890 0.000386966647508
3891 0.0203301080959
3892 0.00260496877043
3893 -0.00795578316915
3894 0.0127599226307
3895 -0.000964014840007
3896 0.0128549811766
3897 -0.00493195011913
3898 0.00476338001828
3899 -0.0048344978169
3900 -0.00743288053609
3901 0.00250055519834
3902 0.000578365373525
3903 0.00321573600464
3904 0.0152002183799
3905 -0.00263793558627
3906 0.000738487350319
3907 0.00653391519192
3908 0.01466760134
3909 -0.0103180604966
3910 -0.00195546749421
3911 -0.00589097262093
3912 0.00745204493348
3913 0.00268905944367
3914 -0.0105227105482
3915 0.00250528447523
3916 0.0029036337364
3917 -0.0126274444465
3918 -0.00627804961042
3919 0.00304372826334
3920 0.0127142495571
3921 -0.00522112140536
3922 0.00705809107446
3923 -0.00330352355602
3924 0.00460111236559
3925 -0.00132574470062
3926 0.00531297876022
3927 -0.00506502763094
3928 0.0165616406597
3929 -0.00908647926129
3930 0.00743133401821
3931 0.00136422919255
3932 -0.00444035057196
3933 0.0151975525325
3934 -0.00374567156642
3935 -0.00566584685904
3936 0.00603337731506
3937 0.0158985706317
3938 0.00303799987622
3939 -0.0156383603159
3940 -0.0156913047347
3941 0.00595325937711
3942 0.00204587910173
3943 0.000249956956225
3944 0.0109931639011
3945 -0.01008170681
3946 0.00507179161297
3947 -0.01233272693
3948 -0.00982429426152
3949 0.0047242293189
3950 -0.02385141982
3951 0.000242434784316
3952 0.0125839189238
3953 0.00838532794432
3954 0.0115606639695
3955 0.00305889829172
3956 -0.00976536300585
3957 -0.003960718919
3958 -0.0055788137845
3959 0.00100966165807
3960 0.000948159784643
3961 -0.0176710006255
3962 0.00498375877997
3963 0.00743054505951
3964 0.00535804292514
3965 0.00362615846332
3966 0.00203941666975
3967 -0.0145504483635
3968 0.00248841897651
3969 0.0229849281647
3970 0.00541973150018
3971 0.0049155232016
3972 -0.00752778281712
3973 -0.00798665856331
3974 -0.00369011663491
3975 -0.00453477846851
3976 -0.0131738609451
3977 0.00127641072421
3978 0.00953000422433
3979 0.00274347345177
3980 0.00720684579955
3981 -0.00184747658566
3982 -0.00117437146196
3983 -0.00157011803506
3984 0.013801778524
3985 -8.43919186882e-05
3986 -0.0020104968931
3987 0.00710090080443
3988 9.37810986873e-06
3989 0.00575984597282
3990 -0.0113957133717
3991 0.000704498288787
3992 0.0128751770357
3993 -0.00536505169745
3994 0.018723174334
3995 0.00386703641807
3996 0.011622307759
3997 0.0131566127982
3998 0.00961773756236
3999 0.000285529085208
4000 0.00107297939239
