1 3.01693119851
2 3.0075772472
3 2.98736632012
4 2.98975657733
5 3.00236655521
6 2.99863200469
7 3.00410109625
8 2.99713389681
9 3.00957792695
10 3.01381387709
11 2.9942573635
12 3.00251025919
13 2.99830647571
14 2.98699402405
15 2.99913592465
16 3.0030988784
17 3.0080366521
18 2.98177899471
19 3.00532180112
20 3.00078253446
21 2.99609561444
22 3.00388645003
23 3.00972194325
24 2.99359484956
25 3.0025027793
26 2.9943586707
27 3.01226805452
28 3.00210224686
29 2.9973052072
30 2.97919237777
31 3.01219043777
32 2.98449618666
33 3.01367122582
34 3.00567170563
35 2.99378920286
36 3.0138356758
37 3.0231465949
38 2.99163040151
39 3.02207282445
40 2.98720130558
41 2.98822751491
42 2.99151582596
43 3.00150415407
44 3.00110599263
45 3.00446461975
46 3.01898104306
47 2.99691293902
48 3.00563281084
49 3.01647760909
50 2.99676077598
51 3.01081913636
52 3.00965123793
53 3.0085877705
54 2.99102185525
55 3.00751522255
56 3.00101252885
57 3.00649527336
58 3.00900091284
59 2.98842113925
60 2.99811315436
61 3.0123687374
62 3.00447692161
63 3.00242450923
64 2.99354312451
65 3.00436762385
66 3.01767192359
67 2.97438001778
68 2.995247299
69 2.98936132387
70 2.99142550365
71 3.01340524722
72 3.01024243727
73 3.00863374336
74 2.98749469724
75 3.00186647229
76 3.00934107073
77 2.99693185032
78 3.02233467843
79 3.00405374843
80 2.99977653469
81 3.00150920909
82 3.00784856003
83 3.01008702284
84 2.97357549369
85 2.99372915902
86 2.9994800648
87 3.00079724265
88 2.99001091517
89 3.00080386946
90 3.00686487562
91 3.0019956274
92 3.01841264342
93 2.98484054494
94 2.99334279634
95 3.00262515731
96 2.99715849955
97 3.00548727665
98 2.99871213319
99 3.01663595213
100 3.00305052499
101 2.99661456344
102 2.99624420076
103 2.99941366889
104 3.00449719967
105 2.99622692309
106 3.00219266513
107 3.01338556699
108 3.00523758711
109 2.99924323479
110 3.014964255
111 2.9938725108
112 3.00345209235
113 3.00161279748
114 2.99750119509
115 2.99382768678
116 2.99951477206
117 3.0066015656
118 2.99778325447
119 2.4897849297
120 2.47876932262
121 2.50612471072
122 2.50245933232
123 2.50222124435
124 2.50216309027
125 2.51131494934
126 2.49435665857
127 2.5002218476
128 2.50280292594
129 2.50387696277
130 2.49213166481
131 2.49717346905
132 2.50254635878
133 2.48857642723
134 2.49721369888
135 2.51119173827
136 2.49760912404
137 2.4974860546
138 2.51229213361
139 2.4855584027
140 2.50934306396
141 2.50477952073
142 2.49330070763
143 2.51323696626
144 2.48356800443
145 2.51401795704
146 2.48915397889
147 2.49195342185
148 2.48358579316
149 3.00934034579
150 3.00061430713
151 2.99508469175
152 3.00185844071
153 2.99950622468
154 3.00842745048
155 3.0062374907
156 3.01335250444
157 3.00797037142
158 2.98356319011
159 3.0138707293
160 3.01445559276
161 2.99157792685
162 3.00314310721
163 3.01214078354
164 3.01448771343
165 2.98538493123
166 2.99670979029
167 3.0024613342
168 3.00556776798
169 2.99668211886
170 2.98854598854
171 2.99349864814
172 2.99960662183
173 3.00548298405
174 2.9919693427
175 3.00403307763
176 3.0123676357
177 3.00880707945
178 2.99811709789
179 3.01378011855
180 2.98684318647
181 2.99888404617
182 2.98920791843
183 2.98977754712
184 3.00760079551
185 2.99354692411
186 3.01100220692
187 3.00968546795
188 3.0020382883
189 3.00135024363
190 3.00934567165
191 3.0004491308
192 2.98703672387
193 2.98665503943
194 3.02672109224
195 2.97732765791
196 2.97685787026
197 3.00728526936
198 3.02291781032
199 3.00209114164
200 2.99947757604
201 2.9874087201
202 2.99624461996
203 3.00648090037
204 3.00294921727
205 2.99853154322
206 2.98731592069
207 3.00283828106
208 3.01171954518
209 2.99669945433
210 2.98309666255
211 3.01277827513
212 2.98751496477
213 2.98803991975
214 2.983699819
215 2.99619470252
216 3.01600665118
217 2.98085055791
218 2.99304506038
219 3.01453306937
220 3.00459796519
221 3.00088572312
222 2.98929959922
223 2.99890022034
224 3.00493535987
225 3.01117894898
226 3.0134538484
227 3.00645195074
228 3.00081206353
229 3.0053122282
230 2.99133651624
231 2.99451404117
232 2.99865480197
233 3.00750090599
234 2.99842082427
235 2.97903500932
236 2.98807442169
237 2.99609058704
238 3.00955252074
239 3.02494500728
240 2.99216287454
241 3.01006826141
242 2.99297259666
243 2.98572266554
244 2.98929021509
245 3.00315122202
246 2.98018930018
247 2.99380182353
248 3.01504627587
249 3.00560437163
250 2.99597395815
251 2.99481222347
252 2.99057700235
253 3.0010343915
254 2.99565281462
255 3.01598458251
256 2.99548382463
257 2.98938398243
258 2.99361278482
259 3.0130670701
260 3.00061400795
261 2.99785188025
262 3.00334949227
263 2.99504011622
264 2.99685154653
265 3.00016158462
266 2.98735006863
267 2.98194680428
268 5.00056773739
269 4.97624624491
270 5.01415397858
271 4.98239360472
272 4.98653047885
273 5.01480278576
274 5.0060875619
275 4.99593252929
276 5.00126769795
277 5.00712503857
278 4.98373063522
279 4.98829373475
280 4.99530220274
281 5.00788154745
282 5.00267001612
283 4.99952075874
284 5.00254807172
285 4.99897775441
286 4.9838814149
287 5.00302486418
288 4.97490584235
289 5.02069814576
290 4.99042237121
291 5.01321991721
292 5.0111047438
293 5.00627403864
294 5.00316941985
295 4.97784541078
296 4.98670456857
297 5.01354769011
298 3.00254531871
299 3.01471733433
300 3.00824868569
301 3.01348893464
302 3.00202434406
303 3.00400419165
304 3.01526902646
305 3.00700171533
306 2.9988780137
307 3.02297019285
308 3.01650661672
309 2.99592552286
310 3.00016422587
311 3.00637673328
312 2.9907447996
313 3.00034196762
314 2.99283726145
315 2.98427521229
316 3.0123290517
317 2.99106039254
318 3.00636504868
319 2.99830237071
320 2.99590850266
321 2.98499285979
322 3.01361438987
323 3.00547161791
324 3.00242949404
325 3.00358174006
326 3.50004706949
327 3.49774898446
328 3.4872148547
329 3.48816051191
330 3.50419720845
331 3.48149722898
332 3.48922570035
333 3.50044753038
334 3.52109137681
335 3.48672283935
336 3.50781890156
337 3.50497508138
338 3.50247998441
339 3.51356500758
340 3.48778721565
341 3.49210992029
342 3.49869095678
343 3.49547928006
344 3.50085787822
345 3.49261213405
346 3.51388753665
347 3.50413495156
348 3.52471993676
349 3.50564741728
350 3.51266580013
351 3.50417295321
352 3.50202669905
353 3.48661889189
354 3.50740511478
355 3.47416721555
356 3.00401181724
357 2.99265672855
358 2.99652549023
359 3.00460439039
360 3.01692602347
361 2.99833150232
362 3.00766796053
363 2.99904531249
364 2.98525344379
365 3.00701822763
366 2.98381251025
367 3.01074820166
368 2.98564984893
369 2.99489574446
370 3.0071343391
371 2.98768405563
372 3.01279670029
373 3.00589948473
374 2.99614506199
375 2.99777805817
376 2.99718011711
377 2.98998405122
378 2.98873879616
379 2.99800519263
380 3.00572277316
381 3.01162557553
382 3.00744839516
383 3.00145955242
384 4.51335098185
385 4.50457862557
386 4.50797337749
387 4.51335118689
388 4.50128370639
389 4.49523180462
390 4.50965833884
391 4.48925899448
392 4.50128813101
393 4.48621837795
394 4.4983901005
395 4.50045460032
396 4.498878
397 4.49268405655
398 4.50750201877
399 4.50839092088
400 4.51263000089
401 4.52349804981
402 4.50571191315
403 4.50874095373
404 4.50027523894
405 4.49673304912
406 4.4939099828
407 4.50281225804
408 4.494559656
409 4.48289155433
410 4.49820737946
411 4.49441090119
412 4.51619745963
413 4.49359334177
414 2.98385146661
415 2.99036946754
416 2.99510594256
417 3.00649586447
418 2.99848032433
419 2.99562553566
420 3.014201969
421 2.99982067098
422 2.99388291902
423 2.99732185798
424 3.00077607718
425 3.00307576695
426 2.99364799868
427 3.00404872461
428 3.01168105056
429 2.99456941281
430 3.00628884098
431 3.00269697732
432 2.99485292045
433 3.00880006708
434 3.00969326754
435 2.9907264065
436 2.98919193513
437 3.01326372566
438 3.01116871476
439 3.00032374048
440 3.01119720873
441 2.99921754233
442 3.30808563151
443 3.30008459198
444 3.32629238566
445 3.28849712934
446 3.30754772857
447 3.30932307885
448 3.29246604431
449 3.29825664012
450 3.3169563765
451 3.29923812228
452 3.30681585996
453 3.30146610772
454 3.3084148212
455 3.30355291636
456 3.2956561381
457 3.31289558388
458 3.30744747142
459 3.29881878921
460 3.28483603999
461 3.30837488302
462 3.2928882665
463 3.30139246419
464 3.3173723799
465 3.30187638623
466 3.30220339264
467 3.29985159666
468 3.29335299234
469 3.30322273902
470 3.29022384114
471 3.30491035809
472 3.00062900899
473 2.99630494779
474 2.99697136767
475 2.98671676519
476 2.99623328051
477 2.98812146657
478 2.99982494129
479 2.99447031876
480 3.00866062855
481 3.00174805063
482 2.98431064645
483 2.99962339335
484 3.0046438606
485 2.98889474073
486 3.00014810797
487 2.99232425427
488 3.0175687602
489 2.99394908504
490 3.00443171002
491 3.00565287796
492 2.98618896519
493 2.97923631437
494 3.00606868865
495 3.00130754409
496 3.0039033341
497 3.02073011557
498 3.00557346072
499 3.00835958843
500 3.00812781763
501 2.98185897546
502 2.9895457461
503 2.99511646266
504 3.0057055039
505 3.01254452951
506 3.01194616678
507 3.00210526354
508 2.99677097657
509 3.00288288238
510 3.00004899934
511 3.00514066263
512 2.99918276515
513 2.99235346666
514 3.01279997026
515 3.00987873163
516 2.98958132015
517 3.00335442762
518 2.99090781053
519 3.00122903647
520 2.97326126203
521 2.97623688888
522 3.00283536187
523 2.9919165521
524 2.99711412825
525 2.98839929579
526 2.99246653085
527 2.9990452822
528 3.00681942824
529 2.96970803161
530 3.01448087324
531 3.00112174645
532 3.00598007404
533 3.00813781349
534 2.99015157161
535 3.00803169708
536 2.98140325952
537 2.9958840096
538 2.99468794119
539 3.0114905768
540 3.00567975614
541 3.00471596367
542 2.99950359541
543 2.99952436682
544 2.99793700431
545 2.99423608726
546 2.99121784215
547 3.00016090152
548 2.98444041313
549 3.00683339797
550 3.01133384938
551 2.9982572414
552 3.01131274867
553 3.00121978885
554 2.98217251275
555 3.01044407854
556 2.99083214488
557 3.01178667743
558 2.99990882652
559 3.00545146628
560 2.98863018761
561 2.99773544991
562 2.97909009045
563 2.98724895778
564 2.99583006536
565 2.99322996256
566 3.0185962459
567 3.00482574788
568 2.99164505228
569 2.99523518711
570 3.00324254746
571 2.99365346488
572 2.99347262056
573 3.00004091675
574 3.00725369495
575 3.00430824691
576 2.99714373136
577 2.99378957281
578 2.98038260466
579 3.00371730704
580 2.97445553371
581 3.00842563438
582 2.99926538864
583 3.00459049739
584 2.99557976106
585 2.98928626556
586 2.99241944898
587 3.00504083845
588 2.99674557581
589 2.98661774561
590 3.01169582563
591 2.99818168952
592 2.98321075026
593 2.99307460973
594 2.98193621983
595 2.99634352368
596 2.99503797808
597 2.99114803437
598 2.99840912827
599 3.02267208794
600 3.00254016863
601 3.00301827412
602 3.00837262647
603 3.00968766456
604 3.00504094498
605 3.00294365179
606 3.00768300204
607 2.99026948538
608 3.0178997216
609 2.99516949537
610 3.00490569576
611 3.00110530928
612 2.99742434134
613 2.99359953881
614 3.00241549669
615 2.98691636911
616 3.00791175951
617 3.00253499255
618 3.00198774897
619 3.00406964667
620 3.02246839584
621 2.9971263269
622 3.00779420364
623 3.00378899932
624 2.97925262405
625 3.00701697382
626 3.00882473275
627 2.99738261483
628 3.00713992932
629 3.00367443762
630 2.98873648306
631 2.99847213106
632 2.98481401262
633 3.00360337379
634 3.00292490732
635 2.98986658797
636 3.01625290178
637 2.9885402601
638 2.99209171267
639 3.02007062172
640 2.98011145036
641 3.00293411498
642 2.97304311002
643 2.99595832027
644 2.99607471367
645 2.99525950685
646 3.01571169663
647 3.00496303253
648 2.99445131917
649 3.00915526012
650 3.00658838956
651 3.00574718743
652 3.00641559604
653 3.01122408764
654 3.00109306748
655 2.9963930016
656 2.99530912378
657 2.99635966561
658 2.99439734951
659 3.01978959883
660 3.01216283709
661 3.00672403865
662 2.99829711194
663 3.00948659777
664 2.99957031436
665 3.00391064946
666 2.98917838871
667 2.98374732081
668 3.0128709612
669 2.98284230682
670 3.0068162522
671 3.00329018304
672 2.98700573092
673 3.00441196907
674 2.99825682842
675 3.01032646163
676 3.00829819664
677 3.00859422265
678 2.99592659879
679 2.98655760402
680 2.98476696187
681 3.00442736534
682 3.01324226798
683 2.99669108226
684 2.9878124645
685 3.00857696627
686 3.0074830383
687 2.99569223407
688 3.02123587974
689 3.00432846671
690 2.98049016304
691 2.99932347446
692 3.00817708749
693 3.01090646629
694 3.01556508745
695 2.99256439188
696 3.00854363163
697 3.02919280485
698 3.00096756469
699 3.01977271216
700 2.99130159329
701 2.98910898179
702 2.98858545566
703 3.00001741009
704 3.00568686993
705 3.00408519565
706 2.98318066586
707 2.99629940197
708 3.01765396448
709 2.98165470328
710 2.99057960918
711 2.99817946806
712 3.0048975437
713 2.99223246688
714 2.99015230124
715 3.0099712985
716 2.99893109505
717 2.99717893869
718 3.00602903978
719 2.99952518306
720 3.01086961797
721 2.99413376867
722 2.99568886996
723 2.98516134171
724 2.98819770212
725 3.00396179344
726 2.99416029877
727 2.9867510854
728 3.00543047833
729 2.99989576778
730 3.00869417471
731 3.00863697081
732 3.01628417757
733 3.00240231138
734 3.00848795766
735 3.00239831299
736 3.01108509933
737 3.00146154813
738 3.00828509289
739 3.00718728057
740 3.01086425803
741 3.00487782759
742 3.00264330942
743 3.00552967702
744 3.01012510532
745 3.01649766376
746 3.00691381662
747 3.01756290983
748 3.02420893499
749 3.00785761468
750 3.02602669905
751 3.01551821605
752 3.00359250092
753 3.01248561865
754 3.0297083568
755 3.04666086678
756 3.03544929961
757 3.0498981099
758 3.06125700285
759 3.0727618683
760 3.08607308357
761 3.08848722393
762 3.11302648359
763 3.11204647827
764 3.10407015354
765 3.13180504666
766 3.16962107159
767 3.1780766508
768 3.20543327904
769 3.21654728518
770 3.23595270789
771 3.26828635896
772 3.26575038237
773 3.30788463941
774 3.33755011637
775 3.36870453854
776 3.38749066845
777 3.42514198514
778 3.44069276281
779 3.49878208204
780 3.52545356767
781 3.54286561358
782 3.56935919813
783 3.63019815443
784 3.65463691374
785 3.70305791566
786 3.73806714878
787 3.76239866759
788 3.77595021565
789 3.83510091286
790 3.85367798053
791 3.87896799148
792 3.89254424676
793 3.93714227898
794 3.94254191281
795 3.97229756735
796 3.98536055306
797 3.99309258698
798 4.00341745425
799 4.01951376202
800 4.01386781376
801 4.02362951909
802 4.01910599136
803 4.03319904658
804 4.0001969405
805 3.97831518693
806 3.97608075875
807 3.97180986082
808 3.95209964074
809 3.94551699167
810 3.90487121534
811 3.88509612643
812 3.85357657547
813 3.83073908853
814 3.79383824837
815 3.77277372978
816 3.71711572129
817 3.69722759378
818 3.63696909172
819 3.62395689617
820 3.60708234135
821 3.54697086486
822 3.5194523117
823 3.47930796698
824 3.46662734676
825 3.43988244332
826 3.40079433173
827 3.36473397397
828 3.34213954561
829 3.30235115525
830 3.28880384063
831 3.25538204305
832 3.25106166361
833 3.22462610349
834 3.17950779977
835 3.19569912358
836 3.16890590084
837 3.14000842251
838 3.13501967102
839 3.11326123859
840 3.10383692095
841 3.08457124597
842 3.0825908163
843 3.06069876187
844 3.05962751533
845 3.04988491817
846 3.04376149748
847 3.0373829826
848 3.02915128556
849 3.05087766491
850 3.01500963094
851 3.01990526971
852 3.0279451339
853 3.01835343508
854 3.00080718051
855 3.00887531661
856 3.01656355345
857 3.00117210002
858 3.01367819652
859 3.00637698068
860 2.99998988617
861 3.00551432042
862 2.99970536706
863 2.99399115255
864 2.99419239911
865 2.98948680246
866 2.98355957346
867 2.99243833495
868 3.00703896111
869 3.00449502524
870 2.99025714869
871 3.01471991133
872 3.00609364449
873 3.00430781909
874 3.0033241861
875 3.01440628319
876 3.00123246205
877 2.99091958799
878 2.99072644655
879 3.00193225505
880 3.00605676304
881 2.99768026354
882 3.01216763551
883 2.99576599475
884 3.00077267944
885 2.99665582669
886 2.9985638745
887 3.0139403647
888 3.00931335343
889 2.98884364395
890 3.00624094575
891 2.99783375663
892 3.0135833499
893 3.0108318503
894 3.0040131491
895 2.99891904406
896 3.01767923709
897 2.98050727118
898 3.00927011906
899 3.02441956497
900 3.00731241491
901 2.99038413576
902 2.99876593038
903 2.99952338
904 2.99757135653
905 3.01328275352
906 2.98864847831
907 2.99964489876
908 2.99122769304
909 2.98687694096
910 3.00753815544
911 3.00039776672
912 3.00042124322
913 3.01077857632
914 2.99821760647
915 3.00254502235
916 3.02040925097
917 3.01335132017
918 2.98537611344
919 3.01358382947
920 3.00960115465
921 2.99724668522
922 2.98756367824
923 2.98665230363
924 2.99573562621
925 2.98632819159
926 2.99131251916
927 2.98940433318
928 2.98811867768
929 3.01019580652
930 3.01025919104
931 3.00990179465
932 3.01255484302
933 3.00931473078
934 3.0045777557
935 2.99198004732
936 3.00763878394
937 2.97721250605
938 3.0068368294
939 2.98073246856
940 2.99343597554
941 3.0195260954
942 3.00322395406
943 3.00031474807
944 3.00904313354
945 3.01321752084
946 2.98386907705
947 3.01457786143
948 3.00067471243
949 3.00265321768
950 2.99591914526
951 3.01045202338
952 2.99418436264
953 2.99479451693
954 2.99888248975
955 3.00756789959
956 3.00782502985
957 3.00225113466
958 2.99543822209
959 3.00313581987
960 2.9986561689
961 3.01796523577
962 2.99939019484
963 3.01991069826
964 2.99653171108
965 2.98309229628
966 2.99649193222
967 2.99226522518
968 3.00115718903
969 2.99326688946
970 3.01378523899
971 2.98239878505
972 2.99995632866
973 2.98541412894
974 2.99176587595
975 3.00234715147
976 2.99866087379
977 2.9998766593
978 3.00531503598
979 3.00067481503
980 3.01167417216
981 3.00908268115
982 2.99214195354
983 2.9812167402
984 2.99243885371
985 2.99178209106
986 3.01156993133
987 2.9790849893
988 2.99314704729
989 3.00970632673
990 3.00441641539
991 2.99833450529
992 3.00207806968
993 3.00496238613
994 2.99298022294
995 3.00325296165
996 3.00089930894
997 3.00200430349
998 2.9979827524
999 3.0040543457
1000 2.98189314765
1001 3.00631344433
1002 2.99199266715
1003 2.99402714624
1004 3.00230194977
1005 3.00064318494
1006 2.98468069789
1007 3.00567200755
1008 2.99964948742
1009 2.99889308048
1010 2.99825477757
1011 2.9995735188
1012 3.01194327299
1013 2.99188581326
1014 3.00741096946
1015 3.00335171474
1016 3.00242989379
1017 2.98985213204
1018 3.01056223455
1019 2.98961938094
1020 2.99166950785
1021 2.99394280003
1022 3.00822432038
1023 2.99232456587
1024 2.99081015474
1025 3.00386786481
1026 3.00959503548
1027 2.98068383279
1028 2.99045754826
1029 2.98975358094
1030 3.00885835795
1031 2.98992827538
1032 3.01507322072
1033 2.99162200479
1034 2.9897679294
1035 2.99642460353
1036 2.99775324849
1037 2.98254373405
1038 3.01070896234
1039 3.00197688872
1040 3.00030214673
1041 3.00448671679
1042 3.00863427987
1043 2.99850671012
1044 3.00174222829
1045 3.00118875775
1046 2.99879723529
1047 3.02018180567
1048 3.00507805983
1049 2.99434746481
1050 3.00836699836
1051 2.99021747492
1052 3.00363961218
1053 3.01443443007
1054 2.99932059362
1055 3.00772816812
1056 2.99789258842
1057 2.99982584307
1058 3.00238805978
1059 3.01554859325
1060 2.9957192523
1061 3.00613437736
1062 3.01092449975
1063 3.02059717603
1064 3.00987176103
1065 2.98816199609
1066 2.99738279592
1067 2.99791782258
1068 3.00172979663
1069 3.00362397058
1070 2.98866873222
1071 3.00523010588
1072 2.97722743454
1073 2.99168796085
1074 2.99910307996
1075 3.00054750791
1076 2.99429708682
1077 2.9876816129
1078 2.99566793107
1079 2.98676392758
1080 2.99122739643
1081 2.99875274764
1082 3.01470039894
1083 3.00360424687
1084 3.00615741073
1085 3.0154812247
1086 2.99609221192
1087 3.00231259029
1088 2.98704248661
1089 2.98488317464
1090 3.01263645851
1091 3.00332482421
1092 3.00063522222
1093 3.00104470817
1094 3.01369566592
1095 3.00652651898
1096 3.01109407349
1097 3.00848946594
1098 2.97464663014
1099 3.00083537281
1100 3.01569790821
1101 3.02048929479
1102 3.00507155793
1103 3.0197416182
1104 3.01108609409
1105 3.0037608602
1106 2.99362445406
1107 2.99876865362
1108 3.01526925641
1109 2.99546446136
1110 3.0008129755
1111 2.97474485008
1112 2.99639133954
1113 2.99055175878
1114 3.01453356555
1115 3.00612352884
1116 2.99650150913
1117 3.01617891005
1118 3.00553818029
1119 2.99464832691
1120 3.01289465929
1121 3.0057791273
1122 2.99802704098
1123 2.99473136977
1124 3.00850092303
1125 2.98250791369
1126 2.98572578901
1127 2.98311011053
1128 3.00114792658
1129 2.99949824748
1130 3.00672017485
1131 3.00379145614
1132 2.99865533333
1133 3.0068289698
1134 3.00412644135
1135 2.99324402094
1136 3.0155342948
1137 3.00769857111
1138 2.99685235434
1139 2.98621405693
1140 2.99730686805
1141 2.99266907824
1142 2.98004611682
1143 2.97795510337
1144 3.00636188055
1145 3.00498566559
1146 3.00778631336
1147 3.00478166328
1148 3.00188098372
1149 3.01098241177
1150 3.00182675446
1151 3.01668076226
1152 2.99958075756
1153 3.01049759227
1154 3.00155478261
1155 2.99567840372
1156 3.00247460379
1157 3.01094041198
1158 3.00017784587
1159 3.01187623341
1160 3.01147958028
1161 3.00847979813
1162 3.00892952255
1163 3.01051072268
1164 3.00750204256
1165 3.01936922159
1166 3.00451396486
1167 2.99756649555
1168 2.99412054501
1169 3.01013286234
1170 2.99215158302
1171 3.00562130475
1172 3.00015205955
1173 3.00046484634
1174 2.98276188466
1175 3.00048235483
1176 2.99817602757
1177 2.99543646452
1178 3.0007477378
1179 3.01467529795
1180 3.00801090917
1181 3.01387287835
1182 2.99948816662
1183 2.99630054784
1184 3.00132471687
1185 2.9916222233
1186 3.00502873827
1187 2.98376505862
1188 2.99821853122
1189 3.01745542127
1190 3.01861500609
1191 3.00373245969
1192 2.99965033538
1193 3.00037579651
1194 3.01356124123
1195 3.00137074385
1196 2.99937230705
1197 2.99974516973
1198 2.98545268321
1199 3.00425023954
1200 2.98490358548
1201 3.00409667505
1202 2.99061970874
1203 3.00271888622
1204 2.99648026177
1205 2.98543402375
1206 3.00996951445
1207 3.01994913356
1208 2.98997885672
1209 2.99812104255
1210 3.00805976372
1211 2.99284104998
1212 2.99691496908
1213 2.99953261195
1214 3.01079725653
1215 3.00857654301
1216 2.99964373929
1217 3.00559872921
1218 2.99738113065
1219 3.00716862038
1220 3.00332472929
1221 3.00367634147
1222 3.00662963216
1223 2.99630346592
1224 3.01040323336
1225 3.00305559742
1226 3.0026170504
1227 3.01824393252
1228 2.9934178781
1229 2.98380700181
1230 3.00268573399
1231 2.99660767091
1232 2.99322633856
1233 3.00085451301
1234 3.00382182151
1235 3.00516887925
1236 2.9837124682
1237 2.99030725687
1238 2.9930481092
1239 2.98709121436
1240 2.99866146461
1241 2.99018501281
1242 2.985728229
1243 2.99559576371
1244 2.99531021675
1245 2.99900771804
1246 3.00575421205
1247 2.99625021797
1248 3.00757518119
1249 3.0078617345
1250 2.99425428688
1251 3.01375181141
1252 3.006923419
1253 2.9976673671
1254 3.00142093728
1255 2.99859301632
1256 2.99826751044
1257 2.98447794191
1258 2.99716694236
1259 2.99915647977
1260 3.00464274018
1261 3.00853752254
1262 3.00564578101
1263 3.00557194059
1264 2.99909430638
1265 2.98436383717
1266 3.00806659706
1267 3.00838300514
1268 2.98914580304
1269 3.00421981239
1270 3.01433616674
1271 3.00213777934
1272 3.00568365667
1273 2.98170268109
1274 3.00585235306
1275 2.9998073096
1276 2.99722706615
1277 3.01028557041
1278 3.0063697324
1279 2.98596053541
1280 3.01123544969
1281 3.00479324752
1282 2.99005616402
1283 2.99038362685
1284 2.98841856102
1285 3.0049138989
1286 3.00366446271
1287 3.01234560767
1288 2.9975719121
1289 3.00644786526
1290 3.01553824383
1291 3.00072233809
1292 3.00196691054
1293 2.99166133669
1294 2.99949964977
1295 3.00296985051
1296 2.99783993625
1297 3.01092626748
1298 3.00539714254
1299 3.0008155046
1300 2.99679955293
1301 3.01107988449
1302 3.00324967506
1303 3.00298971638
1304 2.99731075473
1305 3.00519010264
1306 2.99798533197
1307 2.98547981808
1308 2.98875265048
1309 2.99752189346
1310 2.98323311442
1311 2.98589403513
1312 3.00401926609
1313 2.98984045793
1314 3.00669250288
1315 2.99849163321
1316 2.99968812353
1317 3.0122364099
1318 3.00981889479
1319 3.00564194059
1320 3.00772963088
1321 2.99909689658
1322 2.99919702654
1323 3.02025652414
1324 2.99803532198
1325 2.99488439121
1326 3.01915095054
1327 3.00452076605
1328 3.0087419013
1329 2.96843412166
1330 2.99691658539
1331 3.01421732616
1332 2.99458489582
1333 3.01416483258
1334 3.00599608186
1335 2.98974808241
1336 3.01637082077
1337 2.99502051479
1338 3.00788615071
1339 3.00054188119
1340 3.00369583683
1341 2.99463564014
1342 3.0015884012
1343 3.00584708547
1344 2.99066494116
1345 3.01113888939
1346 3.01762153212
1347 3.02279035292
1348 2.99522867207
1349 3.01632936738
1350 3.00152690791
1351 3.02848320986
1352 3.03357793673
1353 3.02528230513
1354 3.03540086244
1355 3.04096564564
1356 3.03411123291
1357 3.06447567685
1358 3.04997923765
1359 3.04636256921
1360 3.08314491573
1361 3.10848216225
1362 3.12667331013
1363 3.1236396298
1364 3.10576400349
1365 3.13842922555
1366 3.16898122659
1367 3.17513170932
1368 3.20306004868
1369 3.21878267977
1370 3.23324947708
1371 3.27234717014
1372 3.30301219548
1373 3.31684268087
1374 3.34955974414
1375 3.37717713902
1376 3.39884134123
1377 3.4441182945
1378 3.45504400112
1379 3.49488164476
1380 3.52584033636
1381 3.55954022138
1382 3.58193817518
1383 3.61552211467
1384 3.66070333025
1385 3.68778131304
1386 3.73215712169
1387 3.7516442587
1388 3.80657318622
1389 3.80849454195
1390 3.85281476052
1391 3.88814561361
1392 3.90001203864
1393 3.94348983582
1394 3.95188503581
1395 3.95983625489
1396 3.96330977297
1397 4.00227272288
1398 4.0132156128
1399 4.01018093839
1400 4.02215647541
1401 4.02625015631
1402 4.01556292057
1403 4.00104647469
1404 3.99999722942
1405 3.98352869095
1406 3.98454606687
1407 3.97027145475
1408 3.94691656399
1409 3.94487413407
1410 3.90657648064
1411 3.89413295
1412 3.85437873268
1413 3.8228330404
1414 3.79613740663
1415 3.75604760448
1416 3.72819741291
1417 3.68739816752
1418 3.65459960254
1419 3.61526064772
1420 3.59255657051
1421 3.57320262213
1422 3.52195279004
1423 3.4892569865
1424 3.47670272798
1425 3.439195289
1426 3.41463143094
1427 3.36482889555
1428 3.33527494558
1429 3.30585878666
1430 3.30467026014
1431 3.25700491643
1432 3.24306363479
1433 3.21640817894
1434 3.18298040252
1435 3.17052114686
1436 3.16945974573
1437 3.1412735041
1438 3.13812594037
1439 3.10502886179
1440 3.10840818324
1441 3.08327833053
1442 3.0798940697
1443 3.07193899752
1444 3.06744818791
1445 3.0568602226
1446 3.04729476497
1447 3.02643101679
1448 3.02344016111
1449 3.03447280477
1450 3.02986745029
1451 3.02028436292
1452 3.01548894231
1453 3.01457279117
1454 3.01101968014
1455 3.02873833197
1456 3.03189386136
1457 3.01521986389
1458 3.00208949413
1459 3.01357688748
1460 3.00871659095
1461 3.00488065097
1462 3.00703446339
1463 3.00399966247
1464 3.00935359704
1465 3.00821753119
1466 3.00239553453
1467 2.98494294945
1468 3.02055163186
1469 3.0010257042
1470 3.01673508255
1471 2.98708513028
1472 3.00736137509
1473 2.97543632558
1474 2.98332579597
1475 2.99523117754
1476 3.00245947545
1477 3.01763722876
1478 2.97968249009
1479 3.0026623615
1480 3.01631357937
1481 2.9984506936
1482 3.01035960647
1483 2.98841661046
1484 2.99609218539
1485 3.00342388048
1486 3.00461697079
1487 2.97902743191
1488 3.00574341944
1489 3.01910442101
1490 2.9966528846
1491 2.99476167041
1492 3.02089439019
1493 2.99436770984
1494 2.99932243094
1495 3.00144551234
1496 2.99228327623
1497 2.99401055192
1498 2.99392421345
1499 2.99034047067
1500 2.99576289061
1501 2.9982487374
1502 2.99869116804
1503 3.02280893779
1504 2.99861201484
1505 3.01705988051
1506 2.99408139066
1507 3.00525146125
1508 3.00584554646
1509 2.99881315135
1510 3.02261683307
1511 2.98869953459
1512 2.99918183602
1513 3.00590863981
1514 2.99656321479
1515 3.01379921779
1516 3.00635204677
1517 2.9927203044
1518 2.98792695228
1519 3.02204418955
1520 2.99095323232
1521 3.00293394321
1522 3.00781863749
1523 3.01161507695
1524 3.00654867486
1525 2.99668048894
1526 2.98790641345
1527 2.97315062877
1528 2.98370772262
1529 2.99546435867
1530 3.00522896821
1531 2.99800922637
1532 2.98981894641
1533 2.9908927401
1534 3.00314576544
1535 2.99828446605
1536 3.01127402689
1537 3.01131924763
1538 3.02454948009
1539 2.99889146338
1540 2.99590437642
1541 3.01024487198
1542 2.99084589647
1543 2.99362428775
1544 3.01651928065
1545 2.99665807823
1546 2.99026199918
1547 3.00447374598
1548 3.01103099666
1549 2.9948322035
1550 2.9846734566
1551 2.98967278251
1552 3.00628529262
1553 3.00467447637
1554 3.0065472781
1555 2.99768130694
1556 3.00451583107
1557 3.0138810359
1558 2.99101311406
1559 3.00230276289
1560 3.00381982397
1561 3.00270484014
1562 3.00419825044
1563 3.00493891497
1564 3.01804974354
1565 2.99891590781
1566 3.00478573383
1567 2.99492238938
1568 3.00816564193
1569 3.00760605435
1570 3.00392270491
1571 3.00151771115
1572 3.01237270366
1573 2.99075584097
1574 3.01587982689
1575 3.00845290032
1576 2.98661016175
1577 3.00187180061
1578 2.98416316377
1579 3.0022236943
1580 3.00062274438
1581 3.00405219499
1582 2.99938937363
1583 3.01207881997
1584 3.00506669074
1585 2.9955762239
1586 3.00402862592
1587 3.00488729806
1588 2.9959173366
1589 3.02359865133
1590 3.00095324061
1591 2.99459285538
1592 2.9845533845
1593 3.00699288736
1594 3.01173355336
1595 3.01052213166
1596 3.01586745821
1597 2.9997441676
1598 2.99841162842
1599 2.99503513932
1600 2.99653836321
1601 3.00264714231
1602 3.00681928834
1603 3.0086830277
1604 3.00229380826
1605 3.00055314715
1606 2.99991911822
1607 2.98037581992
1608 3.01013023639
1609 2.99735041035
1610 3.00534510457
1611 3.00093254718
1612 3.01179743206
1613 3.01345602452
1614 2.99877882064
1615 2.99828556285
1616 2.98808794992
1617 3.00088777751
1618 2.99370977753
1619 3.00203752609
1620 2.9838009398
1621 3.00210124272
1622 3.00388638596
1623 3.00923942936
1624 2.9967372885
1625 3.00804944651
1626 3.01091358568
1627 2.99448814338
1628 3.00386738453
1629 3.00639935323
1630 3.00776415091
1631 2.99320524504
1632 2.9981685932
1633 3.00958473454
1634 2.99945425996
1635 3.00397231185
1636 3.00807629392
1637 2.98754175457
1638 2.99139793528
1639 3.00218770842
1640 2.99266540879
1641 2.97249640129
1642 2.98867979965
1643 3.01019794012
1644 2.99349177683
1645 3.01069276939
1646 3.01452199854
1647 2.98894737474
1648 2.9996587043
1649 3.00707657714
1650 2.99713703108
1651 2.98812409157
1652 2.97842349674
1653 3.00690074134
1654 3.00473289743
1655 3.00146768515
1656 3.01155786554
1657 3.01114551722
1658 2.99265654828
1659 2.98607517491
1660 2.97478336525
1661 2.99229887799
1662 3.00530313462
1663 2.99798994757
1664 2.9851345917
1665 2.98722736369
1666 2.98662820034
1667 3.00544529314
1668 3.0055014042
1669 3.00625647528
1670 3.00673102694
1671 3.02111818653
1672 2.99567134135
1673 2.98740601265
1674 2.99649685948
1675 2.9887045663
1676 3.00612233335
1677 2.98854757546
1678 3.01346082039
1679 2.99363058851
1680 3.01609227392
1681 3.00312505531
1682 3.00172247957
1683 3.0046678134
1684 2.98907787743
1685 3.01013491409
1686 3.02197521706
1687 2.99665499875
1688 2.99696647328
1689 2.99385802043
1690 2.99346117597
1691 2.99105444641
1692 3.02051568148
1693 3.01688582638
1694 3.0049849803
1695 3.00689018439
1696 3.00386298126
1697 2.9855275442
1698 3.00375814827
1699 3.01385214155
1700 2.99916318436
1701 2.99856045191
1702 2.99708919295
1703 3.00412380165
1704 3.01711193955
1705 2.99067687273
1706 3.00025316404
1707 3.00203696486
1708 2.99274877439
1709 2.99288166013
1710 3.00200183131
1711 3.01989325004
1712 3.00366910395
1713 2.9842228227
1714 3.00768808975
1715 2.99178820713
1716 2.98578533033
1717 2.99187994559
1718 3.00818405795
1719 2.99082004706
1720 2.99009877505
1721 3.00937891635
1722 2.9986346158
1723 3.00127064472
1724 3.00042325349
1725 3.01512668759
1726 2.99503441873
1727 3.00343037413
1728 2.98926524714
1729 3.00160579928
1730 2.99641643739
1731 3.02110270516
1732 3.01525059798
1733 2.99394980957
1734 2.99386344116
1735 2.99589431618
1736 2.98957192631
1737 3.00015555191
1738 3.00711919006
1739 3.00390650902
1740 2.98035825499
1741 2.98440723306
1742 3.00653169069
1743 2.9908920814
1744 3.00766330363
1745 3.00050314713
1746 3.00842273694
1747 3.01392579304
1748 2.99397050293
1749 2.9904460326
1750 2.98808633309
1751 2.99459059181
1752 2.98084751632
1753 2.98453292608
1754 2.9907958318
1755 3.01143340168
1756 2.99445022434
1757 3.01160417386
1758 2.99916184002
1759 3.00767352166
1760 2.99814648633
1761 3.00136810819
1762 3.00310027038
1763 2.99055532851
1764 2.99757853438
1765 3.00908320435
1766 2.99532257501
1767 3.00329590094
1768 2.98385606829
1769 3.0169867882
1770 3.00281725315
1771 3.00930655254
1772 3.03685094801
1773 3.00125030253
1774 3.00467765816
1775 3.00123451486
1776 3.00912825739
1777 3.0001805762
1778 2.9926036633
1779 3.01936425225
1780 2.98459008993
1781 3.01255832763
1782 3.00947816201
1783 3.00059788148
1784 2.99044140976
1785 2.98421943182
1786 3.01456621365
1787 2.99468021046
1788 2.99880316805
1789 2.99081417504
1790 2.99413370337
1791 3.00429270195
1792 2.99836610562
1793 2.99394666327
1794 3.00204797137
1795 2.99957383229
1796 2.9992833452
1797 2.99048788228
1798 3.01081887242
1799 3.01342107519
1800 3.00203310958
1801 3.00131022699
1802 3.00896351483
1803 3.00822892984
1804 3.00736748286
1805 3.00511086539
1806 3.01676389412
1807 2.99331881146
1808 2.98285629195
1809 3.00045130174
1810 3.01797092092
1811 3.00780417775
1812 3.01446241932
1813 2.99046706258
1814 3.00282554936
1815 2.98577974797
1816 3.01345234964
1817 3.00736572538
1818 3.02225364907
1819 2.98870071129
1820 3.00030072377
1821 3.00293362355
1822 2.98868216215
1823 3.00303315726
1824 3.01572828377
1825 2.99448712638
1826 3.00177685592
1827 3.00413071723
1828 2.99691952477
1829 2.99847481018
1830 3.00734475652
1831 3.01800002199
1832 3.01304932262
1833 3.00466576125
1834 2.99828071922
1835 2.98517210878
1836 3.01399489785
1837 2.99583317648
1838 2.98559032273
1839 3.00419556884
1840 3.0063320147
1841 3.00301359071
1842 2.99806714051
1843 3.00844315317
1844 3.00264819819
1845 3.01047568801
1846 2.99877715897
1847 2.99264892702
1848 3.00222675089
1849 3.00240388491
1850 2.99583395804
1851 3.00530483223
1852 3.00426854663
1853 2.99671125244
1854 3.01231637401
1855 2.98371141817
1856 3.01203073712
1857 2.98997170254
1858 2.99202484975
1859 2.9924158933
1860 2.99631709259
1861 3.03142599064
1862 3.00763666132
1863 3.00698812201
1864 2.99457849209
1865 3.0099576184
1866 3.00982630745
1867 3.0051398107
1868 2.97154669739
1869 3.00546750268
1870 3.00391040217
1871 2.99398040889
1872 3.00170426944
1873 2.9930130164
1874 3.00376173404
1875 2.9921717328
1876 2.99647090058
1877 3.00325979987
1878 3.00468391259
1879 2.99706103304
1880 2.98718048988
1881 3.00539115903
1882 2.98713200753
1883 2.99913884825
1884 3.01161646232
1885 2.99828630142
1886 3.00291360759
1887 2.98773278552
1888 3.02253996021
1889 2.99145593271
1890 2.99265144164
1891 2.99595247912
1892 2.98422199579
1893 2.99956024013
1894 3.01137383799
1895 3.01086070702
1896 3.00872017262
1897 3.00554718063
1898 3.01446710949
1899 2.98742845642
1900 3.00334065174
1901 2.99471326938
1902 3.0051510893
1903 3.00519698771
1904 2.97699808575
1905 2.99919834164
1906 3.00508375535
1907 3.01215847808
1908 2.99128689469
1909 3.00951151517
1910 2.97843415039
1911 2.99016825813
1912 3.00222914654
1913 3.01705324327
1914 3.01509145364
1915 2.99328484905
1916 2.99663824455
1917 3.00031462483
1918 2.98881883801
1919 3.00178073285
1920 2.99951688746
1921 2.99735403682
1922 3.00277214871
1923 3.0068711347
1924 3.00566590533
1925 3.00156809959
1926 3.00245240302
1927 2.99451596915
1928 3.00181067456
1929 3.00015942218
1930 2.99528705476
1931 2.99738993128
1932 3.00014215588
1933 2.9868353217
1934 2.98990687101
1935 3.009345426
1936 3.00479194031
1937 3.0195083349
1938 3.00535614732
1939 2.97599934825
1940 3.02186391491
1941 3.01207764248
1942 2.98699959447
1943 2.98862555555
1944 3.00699147939
1945 3.01523792574
1946 3.01052005294
1947 3.03042094178
1948 3.01952963481
1949 3.03366082009
1950 3.01824087936
1951 3.0193860404
1952 3.01900969217
1953 3.03081435626
1954 3.02915492097
1955 3.03697504914
1956 3.05077790123
1957 3.05225510647
1958 3.06146320188
1959 3.059541757
1960 3.08064574456
1961 3.0929330171
1962 3.08160880272
1963 3.11603059931
1964 3.12764243505
1965 3.14482457745
1966 3.16522811317
1967 3.17749410263
1968 3.1987131815
1969 3.19329979552
1970 3.24107782728
1971 3.26102286885
1972 3.29905055105
1973 3.31824477863
1974 3.34779650556
1975 3.37156853884
1976 3.40422309869
1977 3.41597641204
1978 3.47324486275
1979 3.48585103653
1980 3.52598273477
1981 3.56688442358
1982 3.60415331173
1983 3.63285018204
1984 3.64993091885
1985 3.68619845443
1986 3.72391564878
1987 3.75224146259
1988 3.78895994642
1989 3.80152608719
1990 3.85684167298
1991 3.86937595453
1992 3.89520866359
1993 3.91201712033
1994 3.94364328822
1995 3.96264859874
1996 3.9690255065
1997 3.99254932179
1998 3.99341218663
1999 4.00967170131
2000 4.0086097764
2001 4.02148536436
2002 4.02507683172
2003 4.02360820387
2004 4.0086471975
2005 4.00902280884
2006 3.9841889902
2007 3.95359028145
2008 3.95574636081
2009 3.94148341632
2010 3.8888511212
2011 3.87238073594
2012 3.84535406222
2013 3.82886949571
2014 3.78095807423
2015 3.74779168297
2016 3.73728310076
2017 3.70080395828
2018 3.66098527296
2019 3.63573318868
2020 3.58315560288
2021 3.54427896297
2022 3.52540357702
2023 3.48006186402
2024 3.45798047557
2025 3.4249124545
2026 3.39840588001
2027 3.37227420103
2028 3.33191525572
2029 3.32108128665
2030 3.28674360913
2031 3.26432093504
2032 3.21424342993
2033 3.21358540351
2034 3.18765083882
2035 3.19308609309
2036 3.16163741036
2037 3.14102137353
2038 3.1083791007
2039 3.10913876965
2040 3.09977217782
2041 3.09167078425
2042 3.08778142601
2043 3.06469523477
2044 3.06894427075
2045 3.06054414182
2046 3.05796727172
2047 3.03240548499
2048 3.04237617688
2049 3.0386914607
2050 3.03704330925
2051 3.02397218003
2052 3.01669614926
2053 3.03377533659
2054 3.0066071402
2055 3.00686511915
2056 3.00249783461
2057 2.98984622633
2058 3.00647681844
2059 3.00422218989
2060 3.02751441437
2061 2.98428557781
2062 3.00084646759
2063 2.99791224769
2064 3.00299250969
2065 2.99872833539
2066 2.99886566439
2067 3.00515650309
2068 2.99529286334
2069 2.99456885177
2070 3.01373984754
2071 3.01599661378
2072 2.98720532269
2073 3.00083089281
2074 2.99082798078
2075 2.9983535743
2076 3.00181776505
2077 3.01060838632
2078 2.99763535036
2079 2.984051615
2080 3.00595450137
2081 3.01213250901
2082 2.98941356956
2083 2.9876364046
2084 2.99309130544
2085 3.00076592313
2086 3.00384886879
2087 3.00212030422
2088 3.01166662663
2089 2.98904136037
2090 3.00317930676
2091 2.98982869467
2092 2.98761699551
2093 3.01102320753
2094 3.00615576716
2095 2.98655125993
2096 2.99183319964
2097 3.00099668849
2098 2.99702363465
2099 2.98787243541
2100 3.0168662084
2101 2.99449699701
2102 3.0029910722
2103 3.00184050898
2104 3.00744766147
2105 2.99412773989
2106 2.98986428972
2107 3.01203510674
2108 2.9880901862
2109 2.99089336884
2110 2.99943941658
2111 3.00379809983
2112 3.01033321101
2113 2.99409010185
2114 2.98278499573
2115 2.99912261765
2116 2.99140230039
2117 3.00604278981
2118 2.9950850833
2119 3.00619836596
2120 3.00448785412
2121 2.9881445826
2122 2.99456831567
2123 2.99225671347
2124 3.0275677202
2125 3.00105763197
2126 2.99248068202
2127 2.9892749294
2128 2.99448008207
2129 3.00198790623
2130 2.99687833673
2131 3.00672517748
2132 3.00699804146
2133 3.00790527263
2134 2.99218285998
2135 2.9921217684
2136 2.98199607741
2137 3.01296505638
2138 3.01146821928
2139 3.00874141077
2140 3.00010486108
2141 3.00964467849
2142 2.99073480304
2143 3.01725455155
2144 2.99604320631
2145 3.00113084742
2146 2.98895975715
2147 2.99415159097
2148 2.98869691262
2149 3.01272210415
2150 3.00574487886
2151 2.99965800528
2152 2.99875854168
2153 2.99749618148
2154 3.00005775019
2155 2.99599604898
2156 3.00976171896
2157 3.00731358154
2158 3.0079819592
2159 3.0064694163
2160 3.01071697942
2161 2.99748780739
2162 2.99555957704
2163 3.00548955431
2164 2.99741480709
2165 2.97725257788
2166 3.00433407895
2167 2.99540454497
2168 2.99605537952
2169 2.99632363774
2170 3.01571720307
2171 2.98533339134
2172 2.98165877667
2173 2.98952112262
2174 2.99952581598
2175 2.98373650963
2176 3.01374902945
2177 3.00808544792
2178 3.00105185086
2179 2.98482934423
2180 3.00241830608
2181 3.02000221679
2182 3.00637446566
2183 2.99417461766
2184 2.99939399294
2185 2.99484808743
2186 3.01684018236
2187 3.00843184051
2188 3.00223207322
2189 3.01791653488
2190 2.99669305743
2191 3.02425135745
2192 2.98365042356
2193 3.00028546387
2194 2.99951148856
2195 2.99646272921
2196 2.99277891824
2197 2.99321332283
2198 3.00028861721
2199 3.00453525317
2200 3.0058540792
2201 3.00961502916
2202 2.99546718214
2203 3.00545648262
2204 3.00214265521
2205 3.00470803665
2206 2.98728452567
2207 2.99652658548
2208 2.9759407558
2209 3.00942422419
2210 3.00972613883
2211 2.98354060558
2212 2.99887214431
2213 3.00367450231
2214 3.00560574495
2215 3.00672939099
2216 3.01024421822
2217 3.00438275153
2218 3.01019624438
2219 3.01210358348
2220 3.00078685785
2221 3.00297950036
2222 2.99164139618
2223 2.98303297636
2224 3.00834693049
2225 3.00095440864
2226 2.99768413057
2227 3.00794464753
2228 3.00078683368
2229 2.9971569735
2230 3.02889349801
2231 2.98886779014
2232 2.9880907575
2233 2.99597051072
2234 3.00635130414
2235 2.98898076603
2236 3.00640979504
2237 3.01237189988
2238 3.01126484729
2239 2.99554263417
2240 2.98490577963
2241 2.99834071049
2242 3.00247086284
2243 2.99563224505
2244 2.99527837942
2245 2.98581615727
2246 3.01083578549
2247 2.9958814052
2248 3.00412047209
2249 3.01759491305
2250 3.00273841706
2251 3.01713788126
2252 2.98630663788
2253 2.99055064207
2254 3.00055618328
2255 2.99088888974
2256 3.00593876535
2257 3.00193123599
2258 2.99156100766
2259 3.01786481335
2260 2.98792597169
2261 3.00571667785
2262 2.9856983726
2263 2.99375328281
2264 3.00826164887
2265 3.00947078955
2266 3.00188871659
2267 2.97846572541
2268 3.00340513734
2269 2.99164666551
2270 3.01270655268
2271 2.99750074746
2272 3.0067627079
2273 2.99774303032
2274 2.99950835388
2275 3.00219361592
2276 3.00503030979
2277 2.99157697952
2278 3.0045700577
2279 3.01132647353
2280 3.00497909675
2281 2.99796121172
2282 3.00979132628
2283 2.98477666324
2284 3.01384005768
2285 2.98789038795
2286 3.01126086577
2287 2.99691383517
2288 2.99416611809
2289 3.00650564553
2290 2.99400245477
2291 2.99067829669
2292 3.01175278975
2293 2.98713373972
2294 3.00941446264
2295 3.00294585984
2296 3.00400167425
2297 2.99286939536
2298 2.99206107027
2299 2.99133547758
2300 3.0127843015
2301 3.00357220075
2302 3.01017350863
2303 3.00866420892
2304 2.98161179854
2305 3.00301682553
2306 3.00969512273
2307 3.00076330887
2308 2.99838169201
2309 3.00600179159
2310 3.01184198721
2311 2.99033385833
2312 2.99898060414
2313 3.00241380168
2314 3.00804522858
2315 3.001185533
2316 2.99466635905
2317 2.9995715659
2318 2.99632469149
2319 3.00396268192
2320 2.99354092543
2321 3.00446953856
2322 2.99261990609
2323 2.98785890924
2324 2.99409612973
2325 3.00654876729
2326 2.99325426473
2327 3.00964447193
2328 2.9951272716
2329 3.01438483146
2330 2.99410647707
2331 3.0010979246
2332 2.99005593461
2333 2.99240393289
2334 3.00720044274
2335 2.99597358599
2336 2.99052481579
2337 3.00361780464
2338 3.00303537966
2339 3.00197819685
2340 2.99852471184
2341 2.9979249522
2342 2.99174788495
2343 3.00458654201
2344 2.99665800803
2345 3.01545207166
2346 2.99099075069
2347 2.99313003652
2348 3.00685970634
2349 3.00260898722
2350 2.98411263223
2351 2.99110422913
2352 3.00930638049
2353 2.98587693398
2354 3.01182743764
2355 3.00067642262
2356 3.01206832436
2357 3.00374738527
2358 2.99077478903
2359 2.99335576058
2360 2.9991185686
2361 2.99363557763
2362 2.97889727824
2363 3.01993589155
2364 2.98339023792
2365 2.99972464645
2366 2.98217482222
2367 3.00583045623
2368 2.99898928208
2369 3.00514780712
2370 3.00600885423
2371 3.01059141416
2372 3.01040076008
2373 3.00457004295
2374 3.0030560422
2375 3.00203343783
2376 3.01049322497
2377 2.97952998432
2378 3.00081562041
2379 2.98409198197
2380 2.9980415248
2381 2.99051103686
2382 3.00163745578
2383 2.99993021726
2384 3.00716577258
2385 2.99924191544
2386 3.00438059041
2387 3.0060459255
2388 2.97648785248
2389 2.99050333633
2390 3.00073303618
2391 2.98465051482
2392 2.9874428715
2393 2.9928746962
2394 2.99937354992
2395 2.99341502644
2396 2.99595291749
2397 3.00526133084
2398 2.99700493114
2399 2.98996766458
2400 2.99859468332
2401 2.99617707474
2402 2.99580479124
2403 2.98329960831
2404 2.983132391
2405 3.0114730547
2406 2.99898792203
2407 2.98637536197
2408 3.00612678881
2409 3.00912105089
2410 2.99947722277
2411 3.01872344878
2412 3.01490415272
2413 2.98628941296
2414 3.00462977219
2415 2.99785124218
2416 2.99527356714
2417 3.01095864671
2418 3.00085283357
2419 3.01471332227
2420 2.98999541093
2421 3.00615646531
2422 3.00666099446
2423 3.01215297202
2424 3.00896870508
2425 2.99796844177
2426 3.00898002741
2427 2.97091690699
2428 3.00670533105
2429 3.01915572679
2430 3.00896324241
2431 2.99009837246
2432 3.0006831941
2433 3.00120673113
2434 2.98986451113
2435 2.98204218234
2436 2.98101039501
2437 2.99525705604
2438 2.99808767973
2439 3.00038791667
2440 2.99561199645
2441 3.00041372989
2442 3.01001092187
2443 3.00280659711
2444 2.99637464122
2445 3.00171588716
2446 2.99677341898
2447 2.98872924346
2448 3.01772529726
2449 2.99391329626
2450 2.99412833143
2451 2.99652073233
2452 2.99896793661
2453 3.00349910984
2454 3.00643138226
2455 2.99489273538
2456 3.01402764486
2457 3.00139331208
2458 2.98713052329
2459 3.00496598641
2460 3.01200697519
2461 2.98406435623
2462 3.0145890457
2463 2.98472917788
2464 3.01324263039
2465 3.00739721821
2466 2.98671219614
2467 2.98452537662
2468 2.99652616425
2469 2.99777560638
2470 3.00331227375
2471 2.99375067041
2472 3.00521222761
2473 3.00991616666
2474 2.99858923003
2475 2.99875971807
2476 3.0197370132
2477 3.01088097513
2478 3.02596451478
2479 3.01785284433
2480 3.01254080925
2481 2.99213661998
2482 3.0319081685
2483 3.00830405823
2484 3.00891545676
2485 3.00817782274
2486 3.01225911127
2487 3.00461551775
2488 2.97654517001
2489 2.98889922219
2490 3.01108162849
2491 2.99356342069
2492 3.00960279859
2493 2.97928602819
2494 3.00589017505
2495 3.00280805712
2496 2.98963783669
2497 3.00639488686
2498 2.97185869001
2499 3.00528797108
2500 3.00942187325
2501 2.99076613454
2502 3.00790273737
2503 3.00022066831
2504 2.99738835317
2505 3.00298026288
2506 2.98797288255
2507 3.01445289413
2508 3.01027566279
2509 3.00251474405
2510 2.99710481044
2511 3.0026210491
2512 3.00779687987
2513 3.01079595707
2514 2.98675499599
2515 2.99672117768
2516 2.99707564611
2517 2.99313927975
2518 2.9957139102
2519 3.0008542355
2520 2.99170526376
2521 2.9898205232
2522 2.97962720531
2523 2.97826025416
2524 3.000861938
2525 2.9986755636
2526 2.97788970727
2527 2.98990184916
2528 2.98688508595
2529 3.00478568918
2530 3.01687978098
2531 2.9969694837
2532 2.98917915744
2533 3.00515931655
2534 3.01598459401
2535 3.0111300714
2536 3.00929803926
2537 2.98277160826
2538 3.01577497575
2539 2.99309098281
2540 3.0049094226
2541 2.9969091309
2542 3.00031090588
2543 3.00043459305
2544 2.99053337355
2545 3.00819346325
2546 3.03258238124
2547 3.01202852973
2548 3.01292480678
2549 3.02717034851
2550 3.01856305883
2551 3.03437233689
2552 3.01058900722
2553 3.04428620256
2554 3.05241814847
2555 3.03557744576
2556 3.03628485965
2557 3.05508035766
2558 3.06848550331
2559 3.06071954321
2560 3.07437812674
2561 3.09144796918
2562 3.10342391904
2563 3.10427939214
2564 3.11850096264
2565 3.14652019083
2566 3.16513630235
2567 3.16490264163
2568 3.19150894668
2569 3.2302081642
2570 3.24543324973
2571 3.26841942171
2572 3.28411858983
2573 3.30868206285
2574 3.33209849042
2575 3.361146104
2576 3.40857205719
2577 3.41908690434
2578 3.44869715336
2579 3.4857430194
2580 3.52530985482
2581 3.55995064036
2582 3.58158085441
2583 3.61720913839
2584 3.65764174485
2585 3.68779565224
2586 3.73033803294
2587 3.74953432247
2588 3.78882488229
2589 3.81520747557
2590 3.8446196004
2591 3.89438071043
2592 3.89882198294
2593 3.92546021787
2594 3.94152842463
2595 3.96852099234
2596 3.98557887871
2597 4.00440329111
2598 4.02252897917
2599 4.02478744284
2600 4.0082924488
2601 4.01435863623
2602 4.0259596236
2603 4.01921745136
2604 4.01377956908
2605 4.00719302858
2606 3.97041963519
2607 3.9609479649
2608 3.95757764322
2609 3.93509341247
2610 3.90640365242
2611 3.87482984858
2612 3.83757182965
2613 3.83249791699
2614 3.78051916178
2615 3.75922521774
2616 3.71377550684
2617 3.69113993863
2618 3.64972848526
2619 3.61953835223
2620 3.58825424885
2621 3.56582386076
2622 3.51264053837
2623 3.48221455156
2624 3.4549310653
2625 3.41297907867
2626 3.39709700353
2627 3.36681836413
2628 3.35300996562
2629 3.32056431655
2630 3.27816799023
2631 3.25582418129
2632 3.23083575993
2633 3.2271375318
2634 3.17837902593
2635 3.17323015401
2636 3.16994158677
2637 3.13780918673
2638 3.1144251108
2639 3.09012360789
2640 3.10524416598
2641 3.08829422134
2642 3.088608562
2643 3.0673659432
2644 3.0617990544
2645 3.04652919916
2646 3.05504614572
2647 3.0253367016
2648 3.02504704771
2649 3.0469267326
2650 3.00375262107
2651 2.99713322467
2652 3.00891649943
2653 3.02368264617
2654 3.00741919311
2655 3.01866619711
2656 3.00440565799
2657 3.00077182635
2658 3.02840349816
2659 2.99679079653
2660 3.01074990047
2661 3.00430403953
2662 3.02155601196
2663 3.01524405531
2664 3.00298692333
2665 3.00135512366
2666 3.00837047011
2667 2.99446079276
2668 3.01115170299
2669 2.99808389995
2670 2.99960648657
2671 3.00420422156
2672 3.00158150022
2673 3.00994548412
2674 3.00537293004
2675 3.00125635711
2676 3.00027649091
2677 3.00293973252
2678 3.00748641747
2679 3.01353468782
2680 3.01198147015
2681 3.00359857421
2682 2.99359559531
2683 3.02202253931
2684 2.99177909176
2685 2.99278290049
2686 2.99442456781
2687 2.9937550745
2688 3.00000267562
2689 3.01240462009
2690 2.99837940948
2691 3.00044256333
2692 2.99027540031
2693 2.98966114632
2694 3.01167185226
2695 3.011392535
2696 3.01042095456
2697 2.99474025292
2698 2.99144134977
2699 2.9939396499
2700 2.99447734219
2701 3.01115754175
2702 2.99395924337
2703 3.00499823297
2704 2.99504044002
2705 2.98456860375
2706 2.99426027325
2707 2.98099631251
2708 2.99634401488
2709 3.00481947395
2710 2.98449367069
2711 3.00140506812
2712 2.99158784876
2713 2.99582581875
2714 3.00678696874
2715 3.00741580548
2716 3.0041531352
2717 3.007280809
2718 3.00535952421
2719 3.00668035934
2720 2.99788417517
2721 3.01278350427
2722 2.9977016131
2723 2.98726822832
2724 2.99530162697
2725 2.98687942441
2726 3.00265026372
2727 2.99496576687
2728 3.00200462871
2729 2.99975595916
2730 3.02546520882
2731 3.00563297553
2732 2.99533272814
2733 2.98861463275
2734 3.00171848454
2735 3.00384760663
2736 3.00250097062
2737 2.98533925189
2738 2.99557549931
2739 3.01184804055
2740 3.02148103383
2741 2.99639923484
2742 2.99706763771
2743 3.00750859398
2744 2.99938825772
2745 3.00079205262
2746 2.99881066839
2747 3.0129065602
2748 3.00804324674
2749 2.98908946217
2750 2.99449664877
2751 2.98190209944
2752 2.99036841973
2753 3.00867801955
2754 3.01087868082
2755 2.99891216914
2756 3.00718179999
2757 2.99451501825
2758 3.00295036074
2759 3.00441624274
2760 2.99347599464
2761 3.00799230118
2762 2.99539365975
2763 3.00529707165
2764 2.9872188931
2765 3.0041758584
2766 2.99868424079
2767 2.99603876385
2768 3.01951649917
2769 3.00195699316
2770 3.01734507089
2771 2.99770612832
2772 2.99626766507
2773 3.02162519527
2774 2.98677914122
2775 3.0178254751
2776 2.98208514106
2777 3.01212774208
2778 3.00133920071
2779 3.01682878404
2780 3.01571594476
2781 3.00923431429
2782 3.01383576581
2783 2.98533461304
2784 3.00648178518
2785 3.00801240861
2786 2.99180680765
2787 2.99843771425
2788 2.99364638964
2789 2.98505974212
2790 2.98917306085
2791 3.02191943792
2792 3.00073414057
2793 2.98547551742
2794 3.0037448124
2795 3.01971030165
2796 3.01385089261
2797 3.01901482705
2798 3.00713923763
2799 2.98269998395
2800 2.99554370759
2801 2.99966407143
2802 3.00724947831
2803 2.99787078299
2804 3.00029736703
2805 2.99270360966
2806 3.00296375576
2807 2.9861223494
2808 3.0035635873
2809 3.01361669437
2810 3.01840400442
2811 2.9892823701
2812 3.01225325153
2813 2.98407401018
2814 2.98429099003
2815 3.01599119289
2816 3.00847655294
2817 2.9882346414
2818 2.99840027497
2819 3.00789721691
2820 2.99762239295
2821 2.99380334871
2822 3.00034556063
2823 2.98967408179
2824 3.01157972973
2825 2.99140504535
2826 2.99191406982
2827 3.00570946068
2828 2.9982534338
2829 2.9916051294
2830 3.00561079137
2831 3.00464475462
2832 3.0064752942
2833 3.00011980217
2834 2.99940601441
2835 2.99420438117
2836 2.99951095419
2837 2.99945398565
2838 2.98834993543
2839 2.99724671793
2840 2.99168404589
2841 2.99413114155
2842 3.00464820528
2843 3.01132505585
2844 2.98702739892
2845 3.01536932042
2846 3.00406978049
2847 3.00513779462
2848 3.00288194794
2849 2.99616568802
2850 2.9881155489
2851 2.98827787283
2852 3.00951300995
2853 3.01337481905
2854 3.01781183607
2855 2.9726502571
2856 3.01158182793
2857 2.99853449069
2858 2.98059928031
2859 2.98220877009
2860 2.99876910086
2861 2.9899729279
2862 3.00280748486
2863 3.01440130989
2864 2.99499176023
2865 2.99891227758
2866 3.01210174894
2867 2.98938084261
2868 2.99848740591
2869 3.00474857562
2870 3.00278667566
2871 2.98113176415
2872 3.00910139757
2873 3.00271695779
2874 2.98632269912
2875 2.99113550744
2876 2.99327562546
2877 2.98887294306
2878 2.99288657787
2879 2.99611060073
2880 3.00467957867
2881 2.99587961466
2882 3.00271109334
2883 2.99120188269
2884 3.01811118905
2885 2.98100324699
2886 3.00659963226
2887 2.98998383158
2888 3.0048884346
2889 3.01322145133
2890 3.00453240878
2891 2.98194495445
2892 3.00393740954
2893 3.01692344046
2894 2.99134749543
2895 2.98946769052
2896 2.99242564775
2897 2.99490066413
2898 2.97423369182
2899 2.99959506421
2900 3.00767916583
2901 4.49416714008
2902 4.50689425153
2903 4.50134944921
2904 4.49398693602
2905 4.49542072875
2906 4.50873147057
2907 4.50670598948
2908 4.51383401272
2909 4.50730546216
2910 4.50482869613
2911 4.50729808826
2912 4.50111842202
2913 4.50818899395
2914 4.51028070833
2915 4.50261765252
2916 4.49831162325
2917 4.49132991422
2918 4.51169698468
2919 4.48565660689
2920 4.49751198275
2921 4.50906616312
2922 4.5238656427
2923 4.4977942388
2924 4.51478911884
2925 4.50081036286
2926 4.4963652123
2927 4.50469595309
2928 4.50392692786
2929 4.48606251363
2930 4.49278851972
2931 3.01459094526
2932 2.98381396986
2933 2.99416543134
2934 2.99819618422
2935 3.0102269978
2936 2.99400697316
2937 2.99609844612
2938 2.98900302698
2939 3.00699812033
2940 3.00158464601
2941 3.01798033953
2942 2.99454308467
2943 3.02310914033
2944 3.00038195733
2945 2.98927121598
2946 3.00154870151
2947 3.00251795657
2948 3.00232187705
2949 3.0007816843
2950 2.99386780604
2951 2.99149229716
2952 3.01591996593
2953 2.99223549261
2954 2.99318030914
2955 2.9907834782
2956 2.98780765137
2957 3.01081391529
2958 2.99841542429
2959 3.30387502554
2960 3.2873715409
2961 3.29560899342
2962 3.30765409948
2963 3.29635802501
2964 3.30362360845
2965 3.31709820786
2966 3.29179708559
2967 3.28916050636
2968 3.29655960379
2969 3.28660842556
2970 3.30694690856
2971 3.29535284078
2972 3.30000096702
2973 3.30263675601
2974 3.30415555714
2975 3.31761694119
2976 3.30042670815
2977 3.30696564987
2978 3.30102481181
2979 3.31283753584
2980 3.31071564456
2981 3.28855461231
2982 3.2929726515
2983 3.29069808846
2984 3.28537057673
2985 3.29426349723
2986 3.30360744427
2987 3.29035926812
2988 3.29574054159
2989 2.99949244922
2990 3.00743825841
2991 2.98625814563
2992 3.00606005667
2993 2.99152070276
2994 3.0172380287
2995 3.00167645277
2996 2.99922900175
2997 2.98921324236
2998 3.00524781897
2999 2.98549993499
3000 2.98475360187
3001 2.99967080937
3002 3.00643686384
3003 2.99027678396
3004 2.98497095559
3005 2.99918463861
3006 3.00122126867
3007 2.99592890645
3008 2.98906586255
3009 2.99563496013
3010 3.00077893076
3011 3.01800484535
3012 2.99367397985
3013 3.01185896332
3014 3.01821272099
3015 2.99803320225
3016 2.99984298266
3017 5.00286799422
3018 4.98316328041
3019 5.00200378299
3020 4.9984069295
3021 4.99682492248
3022 4.99223318402
3023 4.99186766184
3024 5.01492311172
3025 5.00931005926
3026 4.99692176211
3027 5.00899399068
3028 4.99313905193
3029 5.01618121166
3030 4.99946823496
3031 4.9878314278
3032 4.99002709199
3033 4.99733987057
3034 5.00620792113
3035 4.9758398217
3036 4.99285176792
3037 4.99609133874
3038 5.01083578516
3039 4.99178502701
3040 5.01849514905
3041 5.00325033406
3042 5.01134033505
3043 5.00424502605
3044 5.00396630121
3045 5.01188235139
3046 5.00359508986
3047 3.01165242009
3048 3.00626171895
3049 3.00955984512
3050 3.00494566609
3051 2.98616666403
3052 2.99230902153
3053 3.01680073772
3054 3.01202304706
3055 3.0064725123
3056 3.00340016553
3057 3.01585190019
3058 2.98776078341
3059 2.9981752812
3060 2.99010576356
3061 3.00208867219
3062 2.98473147443
3063 3.01730868363
3064 3.00774475663
3065 3.00726891011
3066 2.98161336131
3067 3.00415362577
3068 2.9984970694
3069 3.010341613
3070 2.99654425866
3071 3.00661622555
3072 2.980114059
3073 2.99854267821
3074 2.99779591563
3075 3.50817390608
3076 3.49893567354
3077 3.49750477983
3078 3.50807398237
3079 3.50336346195
3080 3.4973276405
3081 3.49389152052
3082 3.49956882734
3083 3.48888083076
3084 3.49956807275
3085 3.51092092038
3086 3.50520578898
3087 3.48914772641
3088 3.49781732526
3089 3.5129429267
3090 3.48584101669
3091 3.49459048254
3092 3.49069896138
3093 3.49962402686
3094 3.49406621982
3095 3.50396035505
3096 3.49543580841
3097 3.498498739
3098 3.48713645485
3099 3.50775014152
3100 3.51411071266
3101 3.50669408044
3102 3.50053392789
3103 3.50085851441
3104 3.50798690326
3105 3.00466396812
3106 3.03860416124
3107 3.01631807085
3108 3.00489748647
3109 3.01288646444
3110 2.99522593049
3111 2.99125884377
3112 2.99388632489
3113 2.97260163476
3114 3.00793639368
3115 2.98908276461
3116 2.99074212455
3117 3.00104436218
3118 3.00460999115
3119 2.98117983418
3120 3.01512696796
3121 2.99300742487
3122 2.97909708536
3123 2.98902315084
3124 2.99864172624
3125 3.00508526261
3126 2.98957804472
3127 3.01038378838
3128 2.98390748947
3129 2.99278668996
3130 2.98463841249
3131 3.00177503818
3132 2.99425428739
3133 3.01819118295
3134 3.00255167725
3135 2.99805715848
3136 2.99883483943
3137 3.01174908779
3138 3.00283390799
3139 2.99149943533
3140 3.00951239773
3141 3.00455172099
3142 2.99569448376
3143 3.00397439276
3144 3.02329652577
3145 2.9916574139
3146 3.00353863982
3147 2.9873076554
3148 2.99320803561
3149 2.99288409294
3150 2.99310519212
3151 3.0043060033
3152 3.02925686525
3153 2.98614884017
3154 3.0063155884
3155 2.99282150874
3156 2.9925192314
3157 2.97990091607
3158 3.00393547693
3159 2.99797171648
3160 3.00266576102
3161 3.00136757987
3162 3.00275150945
3163 3.00131362347
3164 3.00591894284
3165 2.9989499231
3166 2.98401632102
3167 3.01691174577
3168 2.98670867662
3169 2.99941080671
3170 2.99417790069
3171 3.00294448948
3172 3.01751105328
3173 2.99740900364
3174 2.98993293401
3175 3.00424749516
3176 3.00143667231
3177 2.98831204709
3178 2.99735417719
3179 2.99103688782
3180 3.01100911702
3181 3.00249667489
3182 2.99062816981
3183 3.00304647552
3184 2.99184235386
3185 3.00666901597
3186 3.01981892425
3187 2.97853566015
3188 3.00108013306
3189 3.00172040655
3190 2.98916351835
3191 2.98863636657
3192 3.01067516099
3193 3.00391132026
3194 3.0112047358
3195 3.00343353479
3196 3.00240081595
3197 2.9978146368
3198 3.00562230191
3199 2.98766945494
3200 2.98264777359
3201 2.99238886471
3202 3.02375054841
3203 2.99918809768
3204 2.97904765351
3205 2.98633477447
3206 2.99485238067
3207 2.99788850753
3208 3.00274718062
3209 2.98412779999
3210 3.01133916981
3211 2.99930591327
3212 2.97718325121
3213 3.00200277918
3214 2.97553241189
3215 3.01053254754
3216 2.99171280414
3217 2.99790950704
3218 2.99176856035
3219 2.99920084984
3220 3.01246252986
3221 2.99505153526
3222 2.98581191741
3223 3.00810759452
3224 3.00053937492
3225 3.0222191222
3226 2.99105294015
3227 2.9902518828
3228 3.00233150393
3229 2.99711275576
3230 3.00098737085
3231 3.01907137495
3232 2.9927912804
3233 2.98613059141
3234 2.98313769753
3235 2.99874439278
3236 3.00483202961
3237 2.99918034544
3238 2.99924614564
3239 2.99687697471
3240 3.0020864824
3241 3.00854621498
3242 3.00789261373
3243 3.02217834525
3244 2.98534189668
3245 2.98317400136
3246 3.01692825829
3247 3.00029223326
3248 2.99230062889
3249 3.01374550826
3250 3.00017371199
3251 3.00314325638
3252 3.00108271502
3253 2.49201433197
3254 2.50930184779
3255 2.50807142237
3256 2.50702879341
3257 2.4971207634
3258 2.49824450935
3259 2.50347555746
3260 2.49607744609
3261 2.50245757758
3262 2.51878648081
3263 2.50216059238
3264 2.49641287451
3265 2.50673329903
3266 2.49223326046
3267 2.50246835229
3268 2.51336018495
3269 2.49788563132
3270 2.51304871035
3271 2.49119989509
3272 2.50774812912
3273 2.49384932388
3274 2.50289114734
3275 2.51286003839
3276 2.50824624014
3277 2.50497834455
3278 2.49262974081
3279 2.51231637551
3280 2.49578928415
3281 2.50019798406
3282 2.49611365029
3283 2.99368288696
3284 3.00567745043
3285 2.99799199608
3286 2.98629052145
3287 3.01202027189
3288 2.98730944053
3289 3.0052404823
3290 3.01422304438
3291 3.01727242312
3292 3.00109216866
3293 2.99246741858
3294 2.98564269743
3295 3.00453031604
3296 3.01238517846
3297 3.00399086433
3298 3.00617563924
3299 3.00634226746
3300 2.98281102744
3301 2.99407594648
3302 3.00035249367
3303 3.00615326828
3304 3.00171687649
3305 2.99766691064
3306 2.99355725199
3307 3.00882943012
3308 3.01239083473
3309 3.01114655559
3310 3.00928058608
3311 2.98297467243
3312 2.99303247012
3313 2.99550369534
3314 3.00644475805
3315 3.00968286603
3316 2.99092838103
3317 3.0017804953
3318 2.99251468072
3319 3.0014549465
3320 2.99617880964
3321 2.97924772878
3322 3.00471859695
3323 2.99689136946
3324 3.00902114132
3325 3.00800365503
3326 2.99639558621
3327 2.99131238953
3328 2.99914283038
3329 2.9975281585
3330 2.99447755292
3331 3.00405937549
3332 3.0187443647
3333 2.99452951193
3334 2.99300825722
3335 2.99479556031
3336 3.00212938686
3337 3.00776055335
3338 2.99767180584
3339 3.00660131328
3340 3.00458579603
3341 3.00943544281
3342 3.00236186443
3343 2.99606923509
3344 3.00476294969
3345 2.99727531965
3346 3.00300664248
3347 2.98864108457
3348 2.99927420854
3349 2.99222701293
3350 2.99145376328
3351 3.00857113553
3352 2.99760237687
3353 2.97594341094
3354 2.99168214283
3355 2.99852252796
3356 3.01314517526
3357 3.00215913431
3358 3.00409212075
3359 2.99392980411
3360 3.01906725946
3361 2.99034981801
3362 3.02235198476
3363 3.00943189165
3364 2.99868047326
3365 2.99942373081
3366 3.01725471635
3367 3.01057545549
3368 3.02566626953
3369 2.98062108228
3370 3.00850775541
3371 3.00844610858
3372 3.00511867414
3373 2.99692539892
3374 3.00025828752
3375 3.00472397002
3376 2.99225996061
3377 3.00279481365
3378 3.00299541721
3379 3.00002840869
3380 2.99284760951
3381 3.00597470269
3382 2.98950987746
3383 2.99058763813
3384 3.0053705441
3385 3.00735310108
3386 3.0139984444
3387 3.02067230061
3388 2.9974415219
3389 2.98610933554
3390 2.99621739694
3391 3.0005979322
3392 2.99454230345
3393 3.00133120726
3394 3.00467573824
3395 3.01126259738
3396 3.00357193039
3397 3.01429636509
3398 2.99967577309
3399 2.99767567417
3400 2.97581260362
3401 2.98500898469
