#234567810123456782012345678301234567840123456785012345678601234567870123456788012345678901234567100123456711012345671201234567130123456714012345671501234567160
# Title, ch1     Year MM DD Year.XXX  NSH1_1   sig     NSL1_1   sig     NSH2_1   sig     NSL2_1   sig     A_sys    sig     A_sour   sig  F_sou   g       T_cal=
#        ch2                          NSH1_2           NSL1_2           NSH2_2           NSL2_2                                          Jy              =T/g,K
# ==============================================================================================================================================================
#


OBSERVATION_18_K1 2018 08 09 0.0       0.0     0.0     0.0      0.0     0.0      0.0     0.0      0.0     0.027       14.6976     0.059     14.4957    0.0     0.0     0.0

OBSERVATION_18_K2 2018 08 09 0.0       1.639     2.1411     0.174      3.2324     1.63      0.8277     0.182      1.2814     1.858       0.9277     0.443     1.2644    0.0     0.0     0.0

OBSERVATION_92_K1 2018 08 09 0.0       0.457     3.4205     0.047      4.0503     -0.003      -59.7929     0.0      0.0     1.923       1.823     0.101     3.0178    0.0     0.0     0.0

OBSERVATION_6_K1 2018 08 09 0.0       0.0     0.0     0.0      0.0     0.0      0.0     0.0      0.0     0.0       0.0     0.0     0    0.0     0.0     0.0

OBSERVATION_6_K2 2018 08 09 0.0       2.174     0.9639     0.078      0.9869     1.891      0.8983     0.121      0.626     1.522       0.1783     0.042     2.6862    0.0     0.0     0.0

OBSERVATION_18_K1 2018 08 09 0.0       0.0     0.0     -0.004      -17.9289     0.0      0.0     0.0      57.162     0.017       65.2611     0.031     61.4545    0.0     0.0     0.0

OBSERVATION_18_K2 2018 08 09 0.0       1.646     0.1859     0.179      0.0865     1.669      0.4682     0.18      1.0999     0.0       0.0     0.0     0    0.0     0.0     0.0

OBSERVATION_92_K1 2018 08 09 0.0       0.0     0.0     0.0      0.0     0.0      0.0     0.0      0.0     0.0       0.0     0.0     0    0.0     0.0     0.0

OBSERVATION_6_K1 2018 08 09 0.0       0.0     0.0     0.0      0.0     0.0      0.0     0.0      0.0     0.0       0.0     0.0     0    0.0     0.0     0.0

OBSERVATION_6_K1 2018 08 09 0.0       0.0     0.0     0.0      0.0     0.0      0.0     0.0      0.0     0.0       0.0     0.0     0    0.0     0.0     0.0

OBSERVATION_6_K1 2018 08 09 0.0       0.0     0.0     0.0      0.0     0.0      0.0     0.0      0.0     0.0       0.0     0.0     0    0.0     0.0     0.0

OBSERVATION_6_K2 2018 08 09 0.0       2.174     0.9639     0.078      0.9869     1.891      0.8983     0.121      0.626     1.522       0.1783     0.042     2.6862    0.0     0.0     0.0

OBSERVATION_18_K1 2018 08 09 0.0       0.0     0.0     -0.004      -17.9289     0.0      0.0     0.0      57.162     0.017       65.2611     0.031     61.4545    0.0     0.0     0.0

OBSERVATION_18_K2 2018 08 09 0.0       1.646     0.1859     0.179      0.0865     1.669      0.4682     0.18      1.0999     0.0       0.0     0.0     0    0.0     0.0     0.0

OBSERVATION_92_K1 2018 08 09 0.0       0.0     0.0     0.0      0.0     0.0      0.0     0.0      0.0     0.0       0.0     0.0     0    0.0     0.0     0.0

OBSERVATION_6_K1 2018 08 09 0.0       0.0     0.0     0.0      0.0     0.0      0.0     0.0      0.0     0.0       0.0     0.0     0    0.0     0.0     0.0

OBSERVATION_6_K2 2018 08 09 0.0       2.174     0.9639     0.078      0.9869     1.891      0.8983     0.121      0.626     1.522       0.1543     0.042     2.2581    0.0     0.0     0.0

OBSERVATION_18_K1 2018 08 09 0.0       0.0     0.0     -0.004      -17.9289     0.0      0.0     0.0      57.162     0.019       60.4417     0.033     59.2015    0.0     0.0     0.0

OBSERVATION_18_K2 2018 08 09 0.0       1.646     0.1859     0.179      0.0865     1.669      0.4682     0.18      1.0999     1.829       0.0663     0.446     0.2776    0.0     0.0     0.0

OBSERVATION_6_K1 2018 08 09 0.0       0.0     0.0     0.0      0.0     0.0      0.0     0.0      0.0     0.0       0.0     0.0     0    0.0     0.0     0.0

OBSERVATION_6_K2 2018 08 09 0.0       2.174     0.9639     0.078      0.9869     1.891      0.8983     0.121      0.626     1.522       0.1543     0.042     2.2581    0.0     0.0     0.0

OBSERVATION_6_K1 2018 08 09 0.0       0.0     0.0     0.0      0.0     0.0      0.0     0.0      0.0     0.0       0.0     0.0     0    0.0     0.0     0.0

OBSERVATION_6_K2 2018 08 09 0.0       2.174     0.9639     0.078      0.9869     1.891      0.8983     0.121      0.626     1.522       0.1543     0.042     2.2581    0.0     0.0     0.0

OBSERVATION_18_K1 2018 08 09 0.0       0.0     0.0     -0.004      -17.9289     0.0      0.0     0.0      57.162     0.023       42.6983     0.041     45.9855    0.0     0.0     0.0

OBSERVATION_18_K2 2018 08 09 0.0       1.646     0.1859     0.179      0.0865     1.669      0.4682     0.18      1.0999     1.828       0.138     0.445     0.5729    0.0     0.0     0.0

OBSERVATION_92_K1 2018 08 09 0.0       0.0     0.0     0.0      0.0     0.0      0.0     0.0      0.0     0.0       0.0     0.0     0    0.0     0.0     0.0

OBSERVATION_6_K1 2018 08 09 0.0       0.0     0.0     0.0      0.0     0.0      0.0     0.0      0.0     0.0       0.0     0.0     0    0.0     0.0     0.0

OBSERVATION_6_K2 2018 08 09 0.0       2.17     0.3251     0.078      0.9677     1.883      0.2298     0.121      0.0306     1.517       0.9811     0.041     10.0737    0.0     0.0     0.0

OBSERVATION_18_K1 2018 08 09 0.0       0.0     0.0     0.0      0.0     0.0      0.0     0.0      0.0     0.021       43.2754     0.031     67.593    0.0     0.0     0.0

OBSERVATION_18_K2 2018 08 09 0.0       1.645     0.5353     0.181      1.3756     1.673      0.3786     0.183      0.1095     1.776       0.2395     0.446     0.7361    0.0     0.0     0.0

OBSERVATION_92_K1 2018 08 09 0.0       0.0     0.0     0.0      0.0     0.0      0.0     0.0      0.0     0.0       0.0     0.0     0    0.0     0.0     0.0

OBSERVATION_92_K2 2018 08 09 0.0       0.0     0.0     0.0      0.0     0.0      0.0     0.0      0.0     0.0       0.0     0.0     0    0.0     0.0     0.0

OBSERVATION_6_K1 2018 08 09 0.0       0.0     0.0     0.0      0.0     0.0      0.0     0.0      0.0     0.0       0.0     0.0     0    0.0     0.0     0.0

OBSERVATION_6_K2 2018 08 09 0.0       2.103     1.0086     0.075      0.5666     1.825      1.005     0.117      0.1951     1.527       0.1258     0.043     1.6917    0.0     0.0     0.0

OBSERVATION_18_K1 2018 08 09 0.0       0.0     0.0     0.0      0.0     0.0      0.0     0.0      0.0     0.021       35.5113     0.045     53.6855    0.0     0.0     0.0

OBSERVATION_18_K2 2018 08 09 0.0       1.634     0.923     0.177      0.0421     1.653      0.5636     0.18      0.0833     1.795       0.1292     0.443     0.3272    0.0     0.0     0.0

OBSERVATION_92_K1 2018 08 09 0.0       0.0     0.0     0.0      0.0     0.0      0.0     0.0      0.0     0.0       0.0     0.0     0    0.0     0.0     0.0

OBSERVATION_18_K1 2018 08 09 0.0       0.0     0.0     0.0      0.0     0.0      0.0     0.0      0.0     0.027       13.2094     0.058     14.4547    0.0     0.0     0.0
