58741.0 2.829670
58742.0 2.834249
58743.0 2.831197
58744.0 2.832723
58745.0 2.832723
58746.0 2.831197
58747.0 2.875458
58748.0 2.875458
58749.0 2.872405
58750.0 2.872405
58751.0 2.873932
58752.0 2.873932
58753.0 2.893773
58754.0 2.893773
58755.0 2.893773
58755.0 2.893773
58757.0 2.892247
58758.0 2.892247
58759.0 2.893773
58760.0 2.898352
58761.0 2.898352
58762.0 2.898352
58763.0 2.899878
58764.0 2.898352
58765.0 2.898352
58766.0 2.896825
58767.0 2.898352
58768.0 2.899878
58769.0 2.899878
58770.0 2.899878
58771.0 2.899878
58771.0 2.899878
58773.0 2.899878
58774.0 2.899878
58775.0 2.902930
58776.0 2.904457
58777.0 2.902930
58778.0 2.902930
58779.0 2.904457
58780.0 2.904457
58781.0 2.902930
58782.0 2.909035
58783.0 2.910562
58784.0 2.910562
58785.0 2.907509
58786.0 2.907509
58787.0 2.909035
58788.0 2.909035
58789.0 2.912088
58790.0 2.912088
58791.0 2.912088
58792.0 2.912088
58793.0 2.913614
58794.0 2.913614
58795.0 2.913614
58796.0 2.916667
58797.0 2.919719
58798.0 2.916667
58799.0 2.918193
58800.0 2.918193
58801.0 2.918193
58802.0 2.918193
58803.0 2.924298
58804.0 2.921245
58805.0 2.921245
58806.0 2.922772
58807.0 2.921245
58808.0 2.924298
58809.0 2.922772
58810.0 2.922772
58811.0 2.925824
58812.0 2.924298
58813.0 2.924298
58814.0 2.921245
58815.0 2.922772
58816.0 2.922772
58817.0 2.924298
58818.0 2.925824
58819.0 2.924298
58820.0 2.925824
58820.0 2.925824
58822.0 2.921245
58823.0 2.922772
58824.0 2.924298
58825.0 0.691392
58826.0 0.056471
58827.0 0.010684
58828.0 0.006105
58829.0 0.001526
58830.0 0.003053
58831.0 0.004579
58832.0 0.001526
58833.0 1.138584
58834.0 2.818987
58835.0 2.916667
58836.0 2.921245
58837.0 2.919719
58837.0 2.919719
58839.0 2.921245
58840.0 2.922772
58841.0 2.922772
58842.0 4.342186
58843.0 5.155678
58844.0 5.219780
58845.0 5.225885
58846.0 5.225885
58847.0 5.228938
58848.0 5.230464
58849.0 5.231990
58850.0 3.791209
58851.0 2.945665
58852.0 2.925824
58853.0 2.924298
58854.0 2.924298
58855.0 2.925824
58856.0 2.925824
58857.0 2.924298
58858.0 2.925824
58859.0 2.925824
58860.0 2.924298
58861.0 2.924298
58862.0 2.927350
58863.0 2.927350
58864.0 2.928877
58865.0 2.927350
58866.0 2.927350
58867.0 3.179182
58868.0 3.182234
58869.0 3.185287
58870.0 3.186813
58871.0 3.186813
58872.0 3.188339
58873.0 3.188339
58874.0 3.189866
58875.0 2.941087
58876.0 2.934982
58877.0 2.936508
58878.0 2.938034
58879.0 2.941087
58880.0 2.939560
58881.0 2.942613
58882.0 2.942613
58883.0 2.942613
58884.0 2.944139
58885.0 2.944139
58886.0 2.948718
58887.0 2.948718
58888.0 2.951770
58889.0 2.951770
58890.0 2.953297
58891.0 2.954823
58892.0 2.956349
58893.0 2.957875
58894.0 2.957875
58895.0 2.959402
58896.0 2.960928
58897.0 2.959402
58898.0 2.963980
58899.0 2.963980
58900.0 2.965507
58901.0 2.965507
58902.0 2.967033
58903.0 2.965507
58904.0 2.968559
58905.0 2.967033
58906.0 2.970085
58907.0 2.970085
58908.0 2.970085
58909.0 2.970085
58910.0 2.968559
58911.0 2.968559
58912.0 2.970085
58912.0 2.970085
58914.0 2.970085
58915.0 2.970085
58916.0 2.971612
58917.0 2.974664
58918.0 2.971612
58919.0 2.973138
58920.0 2.973138
58921.0 2.973138
58922.0 2.973138
58923.0 2.973138
58924.0 2.971612
58925.0 2.973138
58926.0 2.974664
58927.0 2.973138
58928.0 2.973138
58929.0 2.973138
58929.0 2.973138
58931.0 2.970085
58932.0 2.968559
58933.0 2.965507
58934.0 2.965507
58935.0 2.963980
58936.0 2.957875
58937.0 2.957875
58938.0 2.956349
58939.0 2.954823
58940.0 2.951770
58941.0 2.950244
58942.0 2.951770
58943.0 2.950244
58944.0 2.954823
58945.0 2.957875
58946.0 2.960928
58947.0 2.965507
58948.0 2.979243
58949.0 2.988400
58950.0 3.005189
58951.0 3.021978
58952.0 3.044872
58953.0 3.057082
58954.0 3.096764
58955.0 3.124237
58956.0 3.162393
58957.0 3.199023
58958.0 3.221917
58959.0 3.287546
58960.0 3.325702
58961.0 3.377595
58962.0 3.435592
58963.0 3.478327
58964.0 3.536325
58965.0 3.605006
58966.0 3.655372
58967.0 3.713370
58968.0 3.760684
58969.0 3.804945
58970.0 3.861416
58971.0 3.922466
58972.0 3.975885
58973.0 4.021673
58974.0 4.058303
58975.0 4.096459
58976.0 4.105617
58977.0 4.157509
58978.0 4.180403
58979.0 4.194139
58980.0 4.204823
58981.0 4.209402
58981.0 4.209402
58983.0 4.201770
58984.0 4.194139
58985.0 4.171245
58986.0 4.146825
58987.0 4.122405
58988.0 4.082723
58989.0 4.062882
58990.0 4.007937
58991.0 3.971306
58992.0 3.917888
58993.0 3.861416
58994.0 3.798840
58995.0 3.751526
58996.0 3.687424
58997.0 3.644689
58998.0 3.583639
58999.0 3.537851
59000.0 3.485958
59001.0 3.414225
59002.0 3.373016
59003.0 3.321123
59004.0 3.273810
59005.0 3.247863
59006.0 3.183761
59007.0 3.144078
59008.0 3.115079
59009.0 3.081502
59010.0 3.058608
59010.0 3.058608
59012.0 3.008242
59013.0 2.991453
59014.0 2.974664
59015.0 2.957875
59016.0 2.950244
59017.0 2.938034
59018.0 2.933455
59019.0 2.927350
59020.0 2.924298
59021.0 2.924298
59022.0 2.919719
59023.0 2.921245
59024.0 2.919719
59025.0 2.922772
59026.0 2.921245
59027.0 2.921245
59028.0 2.922772
59029.0 2.924298
59030.0 2.924298
59031.0 2.924298
59032.0 2.925824
59033.0 2.924298
59034.0 2.925824
59035.0 2.924298
59036.0 2.924298
59037.0 2.925824
59038.0 2.924298
59039.0 2.921245
59040.0 2.921245
59041.0 2.919719
59042.0 2.919719
59043.0 2.918193
59044.0 2.916667
59045.0 2.913614
59046.0 2.912088
59047.0 2.913614
59048.0 2.910562
59049.0 2.909035
59050.0 2.907509
59051.0 2.907509
59052.0 2.902930
59053.0 2.904457
59054.0 2.901404
59055.0 2.899878
59056.0 2.898352
59057.0 2.896825
59058.0 2.895299
59059.0 2.893773
59060.0 2.892247
59061.0 2.889194
59062.0 2.890720
59063.0 2.890720
59064.0 2.889194
59065.0 2.886142
59066.0 2.887668
59067.0 2.887668
59068.0 2.884615
59069.0 2.884615
59070.0 2.881563
59071.0 2.883089
59072.0 2.883089
59073.0 2.883089
59074.0 2.883089
59075.0 2.881563
59076.0 2.881563
59077.0 2.881563
59078.0 2.883089
59079.0 2.881563
59080.0 2.881563
59081.0 2.880037
59082.0 2.881563
59083.0 2.881563
59084.0 2.881563
59085.0 2.883089
59086.0 2.881563
59087.0 2.880037
59088.0 2.881563
59089.0 2.883089
59090.0 2.883089
59091.0 2.881563
59092.0 2.881563
59093.0 2.884615
59094.0 2.883089
59095.0 2.881563
59096.0 2.881563
59097.0 2.881563
59098.0 2.880037
59099.0 2.880037
59100.0 2.881563
59101.0 2.881563
59102.0 2.881563
59103.0 2.878510
59104.0 2.881563
59105.0 2.881563
59106.0 2.880037
59107.0 2.880037
59108.0 2.880037
59109.0 2.880037
59110.0 2.878510
59111.0 2.878510
59112.0 2.878510
59113.0 2.880037
59114.0 2.880037
59115.0 2.878510
59116.0 2.880037
59117.0 2.880037
59118.0 2.881563
59119.0 2.880037
59120.0 2.876984
59121.0 2.878510
59122.0 2.878510
59123.0 2.880037
59124.0 2.880037
59125.0 2.878510
59126.0 2.880037
59127.0 2.880037
59128.0 2.880037
59129.0 2.880037
59130.0 2.880037
59131.0 2.878510
59132.0 2.880037
59133.0 2.880037
59134.0 2.878510
59135.0 2.880037
59136.0 2.878510
59137.0 2.881563
59138.0 2.878510
59139.0 2.878510
59140.0 2.878510
59141.0 2.878510
59142.0 2.876984
59143.0 2.876984
59144.0 2.876984
59145.0 2.876984
59146.0 2.875458
59147.0 2.875458
59148.0 2.875458
59149.0 2.876984
59150.0 2.876984
59151.0 2.875458
59152.0 2.876984
59153.0 2.876984
59154.0 2.880037
59155.0 2.876984
59156.0 2.873932
59157.0 2.875458
59158.0 2.875458
59159.0 2.876984
59160.0 2.876984
59161.0 2.873932
59162.0 2.875458
59163.0 2.875458
59164.0 2.875458
59165.0 2.875458
59166.0 2.875458
59167.0 2.876984
59168.0 2.876984
59169.0 2.876984
59170.0 2.876984
59171.0 2.876984
59172.0 2.873932
59173.0 2.876984
59174.0 2.875458
59175.0 2.875458
59176.0 2.876984
59177.0 2.876984
59178.0 2.878510
59179.0 2.878510
59180.0 2.878510
59181.0 2.876984
59182.0 2.878510
59183.0 2.876984
59184.0 2.878510
59185.0 2.878510
59186.0 2.880037
59187.0 2.880037
59188.0 2.880037
59189.0 2.878510
59190.0 2.878510
59191.0 2.878510
59192.0 2.878510
59193.0 2.878510
59194.0 2.878510
59195.0 2.878510
59196.0 2.878510
59197.0 2.878510
59198.0 4.307082
59199.0 5.032051
59200.0 5.167888
59201.0 5.172466
59202.0 5.175519
59203.0 5.178571
59204.0 5.178571
59205.0 5.180098
59206.0 4.287241
59207.0 2.928877
59208.0 2.881563
59209.0 2.878510
59210.0 2.878510
59211.0 2.878510
59212.0 2.876984
59213.0 2.876984
59214.0 2.976190
59215.0 3.122711
59216.0 3.130342
59217.0 3.131868
59218.0 3.133394
59219.0 3.134921
59220.0 3.131868
59221.0 3.131868
59222.0 3.133394
59223.0 2.890720
59224.0 2.876984
59225.0 2.876984
59226.0 2.876984
59227.0 2.876984
59228.0 2.876984
59229.0 2.876984
59230.0 2.876984
59231.0 2.875458
59232.0 2.876984
59233.0 2.878510
59234.0 2.876984
59235.0 2.876984
59236.0 2.878510
59237.0 2.876984
59238.0 2.876984
59239.0 2.878510
59240.0 2.875458
59241.0 2.875458
59242.0 2.876984
59243.0 2.876984
59244.0 2.875458
59245.0 2.876984
59246.0 2.876984
59247.0 2.876984
59248.0 2.878510
59249.0 2.880037
59250.0 2.880037
59251.0 2.883089
59252.0 2.880037
59253.0 2.883089
59254.0 2.883089
59255.0 2.884615
59256.0 2.887668
59257.0 2.884615
59258.0 2.887668
59259.0 2.887668
59260.0 2.890720
59261.0 2.890720
59262.0 2.892247
59263.0 2.893773
59264.0 2.896825
59265.0 2.895299
59266.0 2.899878
59267.0 2.902930
59268.0 2.902930
59269.0 2.902930
59270.0 2.901404
59271.0 2.905983
59272.0 2.907509
59273.0 2.907509
59274.0 2.910562
59274.0 2.910562
59276.0 2.912088
59277.0 2.913614
59278.0 2.915140
59279.0 2.916667
59280.0 2.916667
59281.0 2.916667
59282.0 2.918193
59283.0 2.916667
59284.0 2.916667
59285.0 2.916667
59286.0 2.916667
59287.0 2.913614
59288.0 2.913614
59289.0 2.912088
59290.0 2.912088
59291.0 2.912088
59292.0 2.912088
59293.0 2.909035
59294.0 2.910562
59295.0 2.912088
59296.0 2.913614
59297.0 2.916667
59298.0 2.921245
59299.0 2.928877
59300.0 2.938034
59301.0 2.948718
59302.0 2.957875
59303.0 2.974664
59304.0 2.988400
59305.0 3.008242
59306.0 3.040293
59307.0 3.063187
59308.0 3.095238
59309.0 3.131868
59310.0 3.166972
59311.0 3.212759
59312.0 3.247863
59313.0 3.295177
59314.0 3.350122
59315.0 3.391331
59316.0 3.440171
59317.0 3.498168
59318.0 3.560745
59319.0 3.617216
59320.0 3.663004
59321.0 3.733211
59322.0 3.791209
59323.0 3.835470
59324.0 3.891941
59325.0 3.916361
59326.0 3.978938
59327.0 4.020147
59328.0 4.064408
59329.0 4.097985
59330.0 4.131563
59331.0 4.149878
59332.0 4.198718
59333.0 4.184982
59334.0 4.194139
59335.0 4.192613
59336.0 4.191087
59337.0 4.180403
59338.0 4.172772
59339.0 4.142247
59340.0 4.113248
59341.0 4.087302
59342.0 4.047619
59343.0 4.004884
59343.0 4.004884
59345.0 3.913309
59346.0 3.872100
59347.0 3.829365
59348.0 3.754579
59349.0 3.710317
59350.0 3.641636
59351.0 3.580586
59352.0 3.534799
59353.0 3.475275
59354.0 3.429487
59355.0 3.374542
59356.0 3.313492
59357.0 3.276862
59358.0 3.238706
59359.0 3.192918
59360.0 3.154762
59361.0 3.124237
59362.0 3.084554
59363.0 3.054029
59364.0 3.028083
59365.0 3.012821
59366.0 2.991453
59367.0 2.983822
59368.0 2.963980
59369.0 2.956349
59370.0 2.947192
59371.0 2.939560
59372.0 2.938034
59373.0 2.933455
59374.0 2.933455
59375.0 2.933455
59376.0 2.933455
59377.0 2.936508
59378.0 2.938034
59379.0 2.941087
59380.0 2.941087
59381.0 2.944139
59382.0 2.947192
59383.0 2.948718
59384.0 2.947192
59385.0 2.948718
59386.0 2.951770
59387.0 2.950244
59388.0 2.951770
59389.0 0.000000
59390.0 0.000000
59391.0 0.000000
59392.0 0.000000
59393.0 0.000000
59394.0 0.000000
59395.0 0.000000
59396.0 0.000000
59397.0 0.000000
59398.0 0.000000
59399.0 0.000000
59400.0 0.000000
59401.0 0.000000
59402.0 0.000000
59403.0 0.000000
59404.0 0.000000
59405.0 0.000000
59406.0 0.000000
59407.0 0.000000
59408.0 0.000000
59409.0 0.000000
59410.0 0.000000
59411.0 0.000000
59412.0 2.953297
59412.0 2.953297
59414.0 2.954823
59415.0 2.953297
59416.0 2.953297
59417.0 2.951770
59418.0 2.951770
59419.0 2.950244
59420.0 2.950244
59421.0 2.951770
59422.0 2.950244
59423.0 2.950244
59424.0 2.950244
59425.0 2.950244
59426.0 2.948718
59427.0 2.948718
59428.0 2.945665
59429.0 2.948718
59430.0 2.948718
59431.0 2.947192
59432.0 2.945665
59433.0 2.945665
59434.0 2.945665
59435.0 2.942613
59436.0 2.944139
59437.0 2.938034
59438.0 2.942613
59439.0 2.942613
59440.0 2.941087
59441.0 2.941087
59442.0 2.936508
59443.0 2.939560
59444.0 2.936508
59445.0 2.936508
59446.0 2.934982
59447.0 2.933455
59448.0 2.931929
59449.0 2.928877
59450.0 2.931929
59451.0 2.928877
59452.0 2.927350
59453.0 2.925824
59454.0 2.922772
59455.0 2.924298
59456.0 2.924298
59457.0 2.921245
59458.0 2.919719
59458.0 2.919719
59460.0 2.915140
59461.0 2.918193
59462.0 2.913614
59463.0 2.913614
59464.0 2.915140
59464.0 2.915140
59466.0 2.913614
59467.0 2.913614
59468.0 2.910562
59469.0 2.910562
59470.0 2.912088
59471.0 2.910562
59472.0 2.912088
59473.0 2.909035
59474.0 2.909035
59475.0 2.909035
59476.0 2.910562
59477.0 2.907509
59478.0 2.909035
59479.0 2.909035
59480.0 2.907509
59481.0 2.909035
59481.0 2.909035
59483.0 2.909035
59484.0 2.907509
59485.0 2.907509
59486.0 2.909035
59487.0 2.909035
59487.0 2.909035
59489.0 2.907509
59490.0 2.909035
59491.0 2.907509
59492.0 2.910562
59493.0 2.909035
59494.0 2.909035
59495.0 2.909035
59496.0 2.907509
59497.0 2.909035
59498.0 2.909035
59499.0 2.909035
59500.0 2.907509
59501.0 2.910562
59502.0 2.912088
59503.0 2.912088
59504.0 2.912088
59505.0 2.912088
59506.0 2.912088
59507.0 2.915140
59508.0 2.910562
59509.0 2.913614
59510.0 2.915140
59511.0 2.915140
59512.0 2.912088
59513.0 2.915140
59514.0 2.915140
59515.0 2.916667
59516.0 2.915140
59517.0 2.918193
59518.0 2.918193
59519.0 2.918193
59520.0 2.918193
59521.0 2.919719
59522.0 2.919719
59523.0 2.919719
59524.0 2.918193
59525.0 2.916667
59526.0 2.918193
59527.0 2.918193
59528.0 2.919719
59529.0 2.918193
59530.0 2.918193
59531.0 2.921245
59532.0 2.919719
59533.0 2.919719
59534.0 2.919719
59535.0 2.919719
59536.0 2.919719
59537.0 2.919719
59538.0 2.918193
59539.0 2.919719
59540.0 2.921245
59541.0 2.921245
59542.0 2.921245
59543.0 2.919719
59544.0 2.922772
59545.0 2.921245
59546.0 2.919719
59547.0 2.918193
59548.0 2.919719
59549.0 2.921245
59550.0 2.919719
59551.0 2.919719
59552.0 2.921245
59553.0 2.919719
59554.0 2.919719
59555.0 2.921245
59556.0 2.919719
59557.0 2.919719
59558.0 2.919719
59559.0 2.919719
59560.0 2.918193
59561.0 2.921245
59562.0 2.918193
59563.0 2.918193
59564.0 2.918193
59565.0 2.918193
59566.0 2.915140
59567.0 2.918193
59568.0 2.918193
59569.0 2.915140
59570.0 2.916667
59571.0 2.916667
59572.0 2.918193
59573.0 2.916667
59574.0 2.916667
59575.0 2.916667
59576.0 2.916667
59577.0 2.916667
59578.0 2.916667
59579.0 2.919719
59580.0 2.915140
59581.0 2.916667
59582.0 2.918193
59583.0 2.915140
59584.0 2.916667
59585.0 2.916667
59586.0 2.916667
59587.0 2.916667
59588.0 2.916667
59589.0 2.918193
59590.0 2.918193
59591.0 2.918193
59592.0 2.916667
59593.0 2.916667
59594.0 2.918193
59595.0 2.918193
59596.0 2.916667
59597.0 2.918193
59598.0 2.918193
59599.0 2.918193
59600.0 2.918193
59601.0 2.916667
59602.0 2.918193
59602.0 2.918193
59604.0 2.918193
59605.0 2.919719
59606.0 2.918193
59607.0 2.919719
59608.0 2.919719
59609.0 2.919719
59610.0 2.919719
59611.0 2.921245
59612.0 2.921245
59613.0 2.921245
59614.0 2.922772
59615.0 2.921245
59616.0 2.922772
59617.0 2.922772
59618.0 2.922772
59619.0 2.924298
59620.0 2.924298
59621.0 2.922772
59622.0 2.924298
59623.0 2.921245
59624.0 2.922772
59625.0 2.924298
59625.0 2.924298
59627.0 2.922772
59628.0 2.924298
59629.0 2.922772
59630.0 2.922772
59631.0 2.924298
59632.0 2.924298
59633.0 2.924298
59634.0 2.922772
59635.0 2.922772
59636.0 2.922772
59637.0 2.922772
59638.0 2.922772
59639.0 2.924298
59640.0 2.924298
59641.0 2.924298
59642.0 2.925824
59643.0 2.922772
59644.0 2.921245
59645.0 2.922772
59646.0 2.922772
59647.0 2.922772
59648.0 2.922772
59649.0 2.922772
59650.0 2.922772
59651.0 2.922772
59652.0 2.924298
59653.0 2.919719
59654.0 2.919719
59655.0 2.919719
59656.0 2.921245
59657.0 2.921245
59658.0 2.919719
59659.0 2.919719
59660.0 2.919719
59660.0 2.919719
59662.0 2.919719
59663.0 2.918193
59664.0 2.916667
59665.0 2.916667
59666.0 2.916667
59667.0 2.916667
59668.0 2.913614
59669.0 2.916667
59670.0 2.918193
59671.0 2.918193
59672.0 2.916667
59673.0 2.915140
59674.0 2.913614
59675.0 2.916667
59676.0 2.915140
59677.0 2.915140
59677.0 2.915140
59679.0 2.916667
59680.0 2.916667
59681.0 2.916667
59682.0 2.916667
59683.0 2.918193
59684.0 2.915140
59685.0 2.916667
59686.0 2.915140
59687.0 2.916667
59688.0 2.915140
59689.0 2.916667
59690.0 2.918193
59691.0 2.915140
59692.0 2.916667
59693.0 2.916667
59694.0 2.919719
59695.0 2.918193
59696.0 2.919719
59697.0 2.919719
59698.0 2.919719
59699.0 2.921245
59700.0 2.919719
59701.0 2.921245
59702.0 2.919719
59703.0 2.921245
59704.0 2.921245
59705.0 2.919719
59706.0 2.921245
59707.0 2.921245
59708.0 2.922772
59709.0 2.918193
59710.0 2.919719
59711.0 2.918193
59712.0 2.919719
59713.0 2.921245
59714.0 2.916667
59715.0 2.918193
59716.0 2.919719
59717.0 2.918193
59718.0 2.916667
59719.0 2.916667
59720.0 2.916667
59721.0 2.916667
59722.0 2.913614
59723.0 2.915140
59724.0 2.913614
59725.0 2.913614
59726.0 2.912088
59727.0 2.909035
59728.0 2.912088
59729.0 2.909035
59729.0 2.909035
59731.0 2.909035
59732.0 2.907509
59733.0 2.909035
59734.0 2.909035
59735.0 2.905983
59736.0 2.909035
59737.0 2.905983
59738.0 2.905983
59739.0 2.905983
59740.0 2.905983
59741.0 2.904457
59742.0 2.904457
59743.0 2.902930
59744.0 2.901404
59745.0 2.904457
59746.0 2.904457
59746.0 2.904457
59748.0 2.904457
59749.0 2.902930
59750.0 2.901404
59751.0 2.902930
59752.0 2.901404
59752.0 2.901404
59754.0 2.901404
59755.0 2.899878
59756.0 2.901404
59757.0 2.899878
59758.0 2.899878
59758.0 2.899878
59760.0 2.899878
59761.0 2.899878
59762.0 2.899878
59763.0 2.899878
59764.0 2.899878
59765.0 2.898352
59766.0 2.899878
59767.0 2.898352
59768.0 2.898352
59769.0 2.899878
59770.0 2.898352
59771.0 2.896825
59772.0 2.898352
59773.0 2.898352
59774.0 2.896825
59775.0 2.898352
59775.0 2.898352
59777.0 2.896825
59778.0 2.896825
59779.0 2.896825
59780.0 2.896825
59781.0 2.895299
59782.0 2.895299
59783.0 2.893773
59784.0 2.893773
59785.0 2.896825
59786.0 2.898352
59787.0 2.896825
59788.0 2.895299
59789.0 2.896825
59790.0 2.896825
59791.0 2.898352
59792.0 2.898352
59793.0 2.896825
59794.0 2.898352
59795.0 2.895299
59796.0 2.896825
59797.0 2.895299
59798.0 2.896825
59799.0 2.896825
59800.0 2.898352
59801.0 2.896825
59802.0 2.898352
59803.0 2.896825
59804.0 2.898352
59805.0 2.898352
59806.0 2.896825
59807.0 2.898352
59808.0 2.898352
59809.0 2.898352
59810.0 2.895299
59811.0 2.896825
59812.0 3.780525
59813.0 5.149573
59814.0 5.169414
59815.0 5.175519
59816.0 5.175519
59817.0 5.177045
59818.0 5.181624
59819.0 5.181624
59820.0 3.754579
59821.0 2.916667
59821.0 2.916667
59823.0 2.896825
59824.0 2.895299
59825.0 2.895299
59826.0 2.895299
59827.0 2.893773
59828.0 3.054029
59829.0 3.139499
59830.0 3.145604
59831.0 3.147131
59832.0 3.147131
59833.0 3.147131
59834.0 3.147131
59835.0 3.148657
59836.0 3.049451
59837.0 2.904457
59838.0 2.896825
59839.0 2.896825
59840.0 2.896825
59841.0 2.898352
59842.0 2.896825
59843.0 2.898352
59844.0 2.895299
59845.0 2.896825
59846.0 2.896825
59847.0 2.896825
59848.0 2.895299
59849.0 2.898352
59850.0 2.893773
59851.0 2.895299
59852.0 2.895299
59853.0 2.895299
59854.0 2.895299
59855.0 2.895299
59856.0 2.893773
59857.0 2.896825
59858.0 2.895299
59859.0 2.895299
59860.0 2.892247
59861.0 2.895299
59862.0 2.895299
59863.0 2.893773
59864.0 2.895299
59865.0 2.893773
59866.0 2.898352
59867.0 2.896825
59868.0 2.896825
59869.0 2.896825
59870.0 2.895299
59871.0 2.896825
59872.0 2.896825
59873.0 2.896825
59874.0 2.898352
59875.0 2.898352
59876.0 2.896825
59877.0 2.899878
59878.0 2.901404
59879.0 2.902930
59880.0 2.904457
59881.0 2.905983
59882.0 2.905983
59883.0 2.907509
59884.0 2.909035
59885.0 2.909035
59886.0 2.912088
59887.0 2.913614
59888.0 2.918193
59889.0 2.918193
59890.0 2.918193
59891.0 2.919719
59892.0 2.921245
59893.0 2.919719
59894.0 2.921245
59895.0 2.921245
59896.0 2.922772
59897.0 2.922772
59898.0 2.921245
59899.0 2.919719
59900.0 2.921245
59901.0 2.921245
59902.0 2.919719
59903.0 2.919719
59904.0 2.921245
59905.0 2.922772
59906.0 2.924298
59907.0 2.925824
59908.0 2.931929
59909.0 2.938034
59910.0 2.948718
59911.0 2.956349
59912.0 2.970085
59913.0 2.983822
59914.0 3.002137
59915.0 3.028083
59916.0 3.041819
59917.0 3.078449
59918.0 3.550061
59921.0 3.221917
59922.0 3.270757
59923.0 3.322650
59924.0 3.362332
59925.0 3.421856
59926.0 3.484432
59927.0 3.516484
59928.0 3.591270
59929.0 3.637057
59930.0 3.698107
59931.0 3.759158
59932.0 3.812576
59933.0 3.867521
59934.0 3.910256
59935.0 3.960623
59936.0 4.009463
59937.0 4.041514
59938.0 4.073565
59939.0 4.116300
59940.0 4.137668
59941.0 4.160562
59942.0 4.172772
59943.0 4.180403
59944.0 4.186508
59945.0 4.183455
59946.0 4.175824
59947.0 4.168193
59948.0 4.140720
59948.0 4.140720
59950.0 4.088828
59951.0 4.046093
59952.0 4.001832
59953.0 3.968254
59954.0 3.914835
59955.0 3.869048
59956.0 3.812576
59957.0 3.751526
59958.0 3.722527
59959.0 3.644689
59960.0 3.598901
59961.0 3.530220
59962.0 3.467643
59963.0 3.424908
59964.0 3.365385
59965.0 3.313492
59966.0 3.289072
59967.0 3.221917
59968.0 3.176129
59969.0 3.154762
59970.0 3.107448
59971.0 3.081502
59971.0 3.081502
59973.0 3.020452
59974.0 3.000611
59975.0 2.982295
59976.0 2.967033
59977.0 2.954823
59978.0 2.942613
59979.0 2.934982
59980.0 2.927350
59981.0 2.922772
59982.0 2.921245
59983.0 2.919719
59984.0 2.916667
59985.0 2.916667
59986.0 2.916667
59987.0 2.918193
59988.0 2.918193
59989.0 2.918193
59990.0 2.919719
59991.0 2.919719
59992.0 2.921245
59993.0 2.921245
59994.0 2.922772
59994.0 2.922772
59996.0 2.922772
59997.0 2.921245
59998.0 2.919719
59999.0 2.919719
60000.0 2.919719
60001.0 2.915140
60002.0 2.916667
60003.0 2.915140
60004.0 2.913614
60005.0 2.913614
60006.0 2.910562
60007.0 2.912088
60008.0 2.909035
60009.0 2.907509
60010.0 2.909035
60011.0 2.907509
60012.0 2.907509
60013.0 2.904457
60014.0 2.904457
60015.0 2.902930
60016.0 2.901404
60017.0 2.902930
60018.0 2.902930
60019.0 2.901404
60020.0 2.901404
60021.0 2.901404
60022.0 2.901404
60023.0 2.898352
60024.0 2.902930
60025.0 2.899878
60026.0 2.901404
60027.0 2.902930
60028.0 2.899878
60029.0 2.902930
60030.0 2.901404
60031.0 2.899878
60032.0 2.899878
60033.0 2.899878
60034.0 2.898352
60035.0 2.901404
60036.0 2.898352
60037.0 2.899878
60038.0 2.898352
60039.0 2.899878
60040.0 2.899878
60040.0 2.899878
60042.0 2.898352
60043.0 2.899878
60044.0 2.898352
60045.0 2.899878
60046.0 2.899878
60046.0 2.899878
60048.0 2.899878
60049.0 2.896825
60050.0 2.898352
60051.0 2.898352
60052.0 2.898352
60053.0 2.896825
60054.0 2.898352
60055.0 2.898352
60056.0 2.898352
60057.0 2.898352
60058.0 2.896825
60059.0 2.895299
60060.0 2.896825
60061.0 2.898352
60062.0 2.896825
60063.0 2.896825
60064.0 2.896825
60065.0 2.896825
60066.0 2.892247
60067.0 2.892247
60068.0 2.895299
60069.0 2.893773
60070.0 2.895299
60071.0 2.896825
60072.0 2.895299
60073.0 2.895299
60074.0 2.893773
60075.0 2.895299
60076.0 2.895299
60077.0 2.895299
60078.0 2.892247
60079.0 2.892247
60080.0 2.893773
60081.0 2.893773
60082.0 2.892247
60083.0 2.893773
60084.0 2.890720
60085.0 2.892247
60086.0 2.892247
60087.0 2.889194
60088.0 2.892247
60089.0 2.892247
60090.0 2.890720
60091.0 2.890720
60092.0 2.889194
60093.0 2.890720
60094.0 2.889194
60095.0 2.889194
60096.0 2.889194
60097.0 2.890720
60098.0 2.889194
60099.0 2.890720
60100.0 2.887668
60101.0 2.886142
60102.0 2.887668
60103.0 2.887668
60104.0 2.887668
60105.0 2.887668
60106.0 2.886142
60107.0 2.886142
60108.0 2.886142
60109.0 2.886142
60110.0 2.886142
60111.0 2.887668
60112.0 2.886142
60113.0 2.886142
60114.0 2.886142
60115.0 2.886142
60116.0 2.884615
60117.0 2.886142
60118.0 2.886142
60119.0 2.886142
60120.0 2.886142
60121.0 2.884615
60122.0 2.887668
60123.0 2.886142
60124.0 2.884615
60125.0 2.886142
60126.0 2.884615
60127.0 2.883089
60128.0 2.884615
60129.0 2.886142
60130.0 2.886142
60131.0 2.886142
60132.0 2.886142
60133.0 2.884615
60134.0 2.886142
60135.0 2.886142
60136.0 2.886142
60137.0 2.887668
60138.0 2.886142
60138.0 2.886142
60140.0 2.886142
60141.0 2.887668
60142.0 2.887668
60143.0 2.886142
60144.0 2.886142
60145.0 2.887668
60146.0 2.886142
60147.0 2.889194
60148.0 2.887668
60149.0 2.886142
60150.0 2.887668
60151.0 2.889194
60152.0 2.889194
60153.0 2.887668
60154.0 2.889194
60155.0 2.886142
60156.0 2.887668
60157.0 2.887668
60158.0 2.890720
60159.0 2.887668
60160.0 3.772894
60161.0 5.115995
60162.0 5.155678
60163.0 5.160256
60164.0 5.167888
60165.0 5.175519
60166.0 5.180098
60167.0 5.184676
60167.0 5.184676
60169.0 2.925824
60170.0 2.896825
60171.0 2.893773
60172.0 2.893773
60173.0 2.895299
60174.0 2.893773
60175.0 2.892247
60176.0 2.892247
60177.0 3.136447
60178.0 3.142552
60179.0 3.142552
60180.0 3.144078
60181.0 3.144078
60182.0 3.144078
60183.0 3.144078
60184.0 3.142552
60185.0 2.899878
60186.0 2.896825
60187.0 2.892247
60188.0 2.892247
60189.0 2.893773
60190.0 2.892247
60191.0 2.896825
60192.0 2.895299
60193.0 2.895299
60194.0 2.895299
60195.0 2.893773
60196.0 2.893773
60197.0 2.896825
60198.0 2.895299
60199.0 2.893773
60200.0 2.895299
60201.0 2.895299
60202.0 2.895299
60203.0 0.000000
60204.0 0.000000
60205.0 0.000000
60206.0 0.000000
60207.0 0.000000
60208.0 0.000000
60209.0 0.000000
60210.0 0.000000
60211.0 0.000000
60212.0 0.000000
60213.0 0.000000
60214.0 0.000000
60215.0 0.000000
60216.0 0.000000
60217.0 0.000000
60218.0 0.000000
60219.0 0.000000
60220.0 0.000000
60221.0 0.000000
60222.0 0.000000
60223.0 0.000000
60224.0 0.000000
60225.0 0.000000
60226.0 2.895299
60227.0 2.896825
60228.0 2.895299
60229.0 2.893773
60230.0 2.895299
60231.0 2.896825
60232.0 2.893773
60233.0 2.893773
60234.0 2.893773
60235.0 2.896825
60236.0 2.895299
60237.0 2.895299
60238.0 2.895299
60239.0 2.895299
60240.0 2.895299
60241.0 2.892247
60242.0 2.893773
60243.0 2.895299
60244.0 2.895299
60245.0 2.895299
60246.0 2.893773
60247.0 2.895299
60248.0 2.896825
60249.0 2.895299
60250.0 2.896825
60251.0 2.898352
60252.0 2.898352
60253.0 2.899878
60254.0 2.898352
60255.0 2.899878
60256.0 2.901404
60257.0 2.901404
60258.0 2.901404
60259.0 2.902930
60260.0 2.905983
60261.0 2.905983
60262.0 2.907509
60263.0 2.909035
60264.0 2.910562
60265.0 2.910562
60266.0 2.910562
60267.0 2.910562
60268.0 2.912088
60269.0 2.912088
60270.0 2.912088
60271.0 2.915140
60272.0 2.915140
60273.0 2.913614
60274.0 2.915140
60275.0 2.915140
60276.0 2.913614
60277.0 2.913614
60278.0 2.909035
60279.0 2.909035
60280.0 2.910562
60281.0 2.909035
60282.0 2.910562
60283.0 2.910562
60284.0 2.913614
60285.0 2.916667
60286.0 2.918193
60287.0 2.927350
60288.0 2.934982
60289.0 2.948718
60290.0 2.962454
60291.0 2.976190
60292.0 2.996032
60293.0 3.020452
60294.0 3.041819
60295.0 3.075397
60296.0 3.112027
60297.0 3.128816
60298.0 3.183761
60299.0 3.215812
60300.0 3.270757
60301.0 3.322650
60302.0 3.363858
60303.0 3.420330
60304.0 3.481380
60305.0 3.522589
60306.0 3.592796
60307.0 3.638584
60308.0 3.684371
60309.0 3.756105
60310.0 3.803419
60311.0 3.865995
60312.0 3.907204
60313.0 3.957570
60314.0 4.006410
60315.0 4.035409
60316.0 4.073565
60317.0 4.110195
60318.0 4.131563
60319.0 4.146825
60320.0 4.162088
60321.0 4.171245
60322.0 4.171245
60323.0 4.166667
60324.0 4.155983
60325.0 4.137668
60326.0 4.122405
60327.0 4.093407
60328.0 4.075092
60329.0 4.021673
60330.0 3.988095
60331.0 3.943834
60332.0 3.890415
60333.0 3.847680
60334.0 3.783578
60335.0 3.724054
60336.0 3.678266
60337.0 3.617216
60338.0 3.557692
60339.0 3.524115
60340.0 3.443223
60341.0 3.398962
60342.0 3.342491
60343.0 3.290598
60344.0 3.250916
60345.0 3.203602
60346.0 3.157814
60347.0 3.127289
60348.0 3.087607
60349.0 3.063187
60350.0 3.041819
60351.0 3.006716
60352.0 2.988400
60353.0 2.968559
60354.0 2.956349
60355.0 2.942613
60356.0 2.930403
60357.0 2.924298
60358.0 2.916667
60359.0 2.912088
60360.0 2.909035
60361.0 2.907509
60362.0 2.907509
60363.0 2.904457
60364.0 2.907509
60365.0 2.905983
60366.0 2.905983
60367.0 2.907509
60368.0 2.905983
60369.0 2.907509
60370.0 2.907509
60371.0 2.905983
60372.0 2.907509
60373.0 2.907509
60374.0 2.928877
60375.0 2.901404
60376.0 2.902930
60377.0 2.902930
60378.0 2.899878
60379.0 2.899878
60380.0 2.896825
60381.0 2.895299
60382.0 2.892247
60383.0 2.889194
60384.0 2.889194
60385.0 2.887668
60386.0 2.887668
60387.0 2.886142
60388.0 2.884615
60389.0 2.883089
60390.0 2.881563
60391.0 2.880037
60392.0 2.878510
60393.0 2.881563
60394.0 2.878510
60395.0 2.880037
60396.0 2.878510
60397.0 2.880037
60398.0 2.880037
60399.0 2.876984
60400.0 2.876984
60401.0 2.878510
60402.0 2.875458
60403.0 2.876984
60404.0 2.876984
60405.0 2.876984
60406.0 2.876984
60407.0 2.875458
60408.0 2.876984
60409.0 2.876984
60410.0 2.875458
60411.0 2.876984
60412.0 2.876984
60413.0 2.876984
60414.0 2.875458
60415.0 2.875458
60416.0 2.876984
60417.0 2.876984
60418.0 2.875458
60419.0 2.878510
60420.0 2.876984
60421.0 2.876984
60422.0 2.876984
60423.0 2.875458
60424.0 2.876984
60425.0 2.876984
60426.0 2.876984
60427.0 2.876984
60428.0 2.876984
60429.0 2.876984
60430.0 2.873932
60431.0 2.875458
60432.0 2.875458
60433.0 2.875458
60434.0 2.875458
60435.0 2.875458
60436.0 2.873932
60437.0 2.873932
60438.0 2.875458
60439.0 2.875458
60440.0 2.873932
60441.0 2.875458
60442.0 2.873932
60443.0 2.873932
60444.0 2.873932
60445.0 2.875458
60446.0 2.873932
60447.0 2.875458
60448.0 2.873932
60449.0 2.875458
60450.0 2.875458
60451.0 2.873932
60452.0 2.876984
60453.0 2.873932
60454.0 2.875458
60455.0 2.875458
60456.0 2.875458
60457.0 2.873932
60458.0 2.876984
60459.0 2.873932
60460.0 2.873932
60461.0 2.875458
60462.0 2.876984
60463.0 2.873932
60464.0 2.875458
60465.0 2.873932
60466.0 2.876984
60467.0 2.875458
60468.0 2.875458
60469.0 2.875458
60470.0 2.872405
60471.0 2.873932
60472.0 2.873932
60473.0 2.873932
60474.0 2.875458
60475.0 2.873932
60476.0 2.873932
60477.0 2.873932
60478.0 2.873932
60479.0 2.873932
60480.0 2.872405
60481.0 2.872405
60482.0 2.873932
60483.0 2.873932
60484.0 2.875458
60485.0 2.870879
60486.0 2.872405
60487.0 2.872405
60488.0 2.875458
60489.0 2.873932
60490.0 2.875458
60491.0 2.873932
60492.0 2.873932
60493.0 2.873932
60494.0 2.873932
60494.0 2.873932
60496.0 2.873932
60497.0 2.873932
60498.0 2.872405
60499.0 2.872405
60500.0 2.873932
60500.0 2.873932
60502.0 2.873932
60503.0 2.870879
60504.0 2.872405
60505.0 2.875458
60506.0 2.872405
60507.0 2.872405
60508.0 2.872405
60509.0 2.873932
60510.0 2.872405
60511.0 2.872405
60512.0 2.873932
60513.0 2.872405
60514.0 2.873932
60515.0 2.872405
60516.0 2.873932
60517.0 2.872405
60518.0 2.872405
60519.0 2.870879
60520.0 2.872405
60521.0 2.872405
60522.0 2.872405
60523.0 2.869353
60524.0 0.265568
60525.0 0.024420
60526.0 0.004579
60527.0 0.003053
60528.0 0.003053
60529.0 0.003053
60530.0 0.003053
60531.0 2.710623
60532.0 2.863248
60533.0 2.867827
60534.0 2.864774
60535.0 2.866300
60536.0 2.864774
60537.0 2.863248
60538.0 2.864774
60539.0 2.863248
60540.0 2.864774
60541.0 2.864774
60542.0 2.864774
60543.0 2.864774
60544.0 2.864774
60545.0 2.864774
60546.0 2.864774
60547.0 2.864774
60548.0 0.000000
60549.0 0.000000
60550.0 0.000000
60551.0 0.000000
60552.0 0.000000
60553.0 0.000000
60554.0 0.000000
60555.0 0.000000
60556.0 0.000000
60557.0 0.000000
60558.0 0.000000
60559.0 0.000000
60560.0 0.000000
60561.0 0.000000
60562.0 0.000000
60563.0 0.000000
60564.0 0.000000
60565.0 0.000000
60566.0 0.000000
60567.0 0.000000
60568.0 0.000000
60569.0 0.000000
60570.0 0.000000
60571.0 0.000000
60572.0 0.000000
60573.0 0.000000
60574.0 0.000000
60575.0 0.000000
60576.0 0.000000
60577.0 0.000000
60578.0 0.000000
60579.0 0.000000
60580.0 0.000000
60581.0 0.000000
60582.0 0.000000
60583.0 0.000000
60584.0 0.000000
60585.0 0.000000
60586.0 0.000000
60587.0 0.000000
60588.0 0.000000
60589.0 0.000000
60590.0 0.000000
60591.0 0.000000
60592.0 0.000000
60593.0 0.000000
60594.0 0.000000
60595.0 0.000000
60596.0 0.000000
60597.0 0.000000
60598.0 0.000000
60599.0 0.000000
60600.0 0.000000
60601.0 0.000000
60602.0 0.000000
60603.0 0.000000
60604.0 0.000000
60605.0 0.000000
60606.0 0.000000
60607.0 0.000000
60608.0 0.000000
60609.0 0.000000
60610.0 0.000000
60611.0 0.000000
60612.0 0.000000
60613.0 0.000000
60614.0 0.000000
60615.0 0.000000
60616.0 0.000000
60617.0 0.000000
60618.0 0.000000
60619.0 0.000000
60620.0 0.000000
60621.0 0.000000
60622.0 0.000000
60623.0 0.000000
60624.0 0.000000
60625.0 0.000000
60626.0 0.000000
60627.0 0.000000
60628.0 0.000000
60629.0 0.000000
60630.0 0.000000
60631.0 0.000000
60632.0 0.000000
60633.0 0.000000
60634.0 0.000000
60635.0 0.000000
60636.0 0.000000
60637.0 0.000000
60638.0 0.000000
60639.0 0.000000
60640.0 0.000000
60641.0 0.000000
60642.0 0.000000
60643.0 0.000000
60644.0 0.000000
60645.0 0.000000
60646.0 0.000000
60647.0 0.000000
60648.0 0.000000
60649.0 0.000000
60650.0 0.000000
60651.0 0.000000
60652.0 0.000000
60653.0 0.000000
60654.0 0.000000
60655.0 0.000000
60656.0 0.000000
60657.0 0.000000
60658.0 0.000000
60659.0 0.000000
60660.0 0.000000
60661.0 0.000000
60662.0 0.000000
60663.0 0.000000
60664.0 0.000000
60665.0 0.000000
60666.0 0.000000
60667.0 0.000000
60668.0 0.000000
60669.0 0.000000
60670.0 0.000000
60671.0 0.000000
60672.0 0.000000
60673.0 0.000000
60674.0 0.000000
60675.0 0.000000
60676.0 0.000000
60677.0 0.000000
60678.0 0.000000
60679.0 0.000000
60680.0 0.000000
60681.0 0.000000
60682.0 0.000000
60683.0 0.000000
60684.0 0.000000
60685.0 0.000000
60686.0 0.000000
60687.0 0.000000
60688.0 0.000000
60689.0 0.000000
60690.0 0.000000
60691.0 0.000000
60692.0 0.000000
60693.0 0.000000
60694.0 0.000000
60695.0 0.000000
60696.0 0.000000
60697.0 0.000000
60698.0 0.000000
60699.0 0.000000
60700.0 0.000000
60701.0 0.000000
60702.0 0.000000
60703.0 0.000000
60704.0 0.000000
60705.0 0.000000
60706.0 0.000000
60707.0 0.000000
60708.0 0.000000
60709.0 0.000000
60710.0 0.000000
60711.0 0.000000
60712.0 0.000000
60713.0 0.000000
60714.0 0.000000
60715.0 0.000000
60716.0 0.000000
60717.0 0.000000
60718.0 0.000000
60719.0 0.000000
60720.0 0.000000
60721.0 0.000000
60722.0 0.000000
60723.0 0.000000
60724.0 0.000000
60725.0 0.000000
60726.0 0.000000
60727.0 0.000000
60728.0 0.000000
60729.0 0.000000
60730.0 0.000000
60731.0 0.000000
60732.0 0.000000
60733.0 0.000000
60734.0 0.000000
60735.0 0.000000
60736.0 0.000000
60737.0 0.000000
60738.0 0.000000
60739.0 0.000000
60740.0 0.000000
60741.0 0.000000
60742.0 0.000000
60743.0 0.000000
60744.0 0.000000
60745.0 0.000000
60746.0 0.000000
60747.0 0.000000
60748.0 0.000000
60749.0 0.000000
60750.0 0.000000
60751.0 0.000000
60752.0 0.000000
60753.0 0.000000
60754.0 0.000000
60755.0 0.000000
60756.0 0.000000
60757.0 4.412393
60758.0 0.000000
60759.0 0.000000
60760.0 0.000000
60761.0 0.000000
60762.0 0.000000
60763.0 0.000000
60764.0 0.000000
60765.0 0.000000
60766.0 0.000000
60767.0 0.000000
60768.0 0.000000
60769.0 0.000000
60770.0 0.000000
60771.0 0.000000
60772.0 0.000000
60773.0 0.000000
60775.0 0.000000
60776.0 0.000000
60777.0 0.000000
60778.0 0.000000
60779.0 0.000000
60780.0 0.000000
60781.0 0.000000
60782.0 0.000000
60783.0 0.000000
60784.0 0.000000
60785.0 0.000000
60786.0 0.000000
60787.0 0.000000
60788.0 0.000000
60789.0 0.000000
60790.0 0.000000
60791.0 0.000000
60792.0 0.000000
60793.0 0.000000
60794.0 0.000000
60795.0 0.000000
60796.0 0.000000
60797.0 0.000000
60798.0 0.000000
60799.0 0.000000
60800.0 0.000000
60801.0 0.000000
60802.0 0.000000
60803.0 0.000000
60804.0 0.000000
60805.0 0.000000
60806.0 0.000000
60807.0 0.000000
60808.0 0.000000
60809.0 0.000000
60810.0 0.000000
60811.0 0.000000
60812.0 0.000000
60813.0 0.000000
60814.0 4.967949
60815.0 0.000000
60816.0 0.000000
60817.0 0.000000
60818.0 0.000000
60819.0 0.000000
60820.0 0.000000
60821.0 0.000000
60822.0 0.000000
60823.0 0.000000
60824.0 0.000000
60825.0 0.000000
60837.0 0.000000
60838.0 0.000000
60839.0 0.000000
60840.0 0.000000
60841.0 0.000000
60842.0 0.000000
60843.0 0.000000
60844.0 0.000000
60845.0 0.000000
60846.0 0.000000
60847.0 0.000000
60848.0 0.000000
60849.0 0.000000
60850.0 0.000000
60851.0 0.000000
60852.0 0.000000
60855.0 0.000000
60856.0 0.000000
60857.0 0.000000
60858.0 0.000000
60859.0 0.000000
60860.0 0.000000
60861.0 0.000000
60862.0 0.000000
60863.0 0.000000
60864.0 0.000000
60865.0 0.000000
60866.0 0.000000
60867.0 0.000000
60868.0 0.000000
60869.0 0.000000
60870.0 0.000000
60871.0 0.000000
60872.0 0.000000
60873.0 0.000000
60874.0 0.000000
60875.0 0.000000
60876.0 0.000000
60877.0 0.000000
60878.0 0.000000
60879.0 0.000000
60880.0 0.000000
60881.0 0.000000
60882.0 0.000000
60883.0 0.000000
60884.0 0.000000
60885.0 0.000000
60886.0 0.000000
60887.0 0.000000
60888.0 0.000000
60889.0 0.000000
60890.0 0.000000
60891.0 0.000000
60892.0 0.000000
60893.0 0.000000
60894.0 0.000000
60895.0 0.000000
60896.0 0.000000
60897.0 0.000000
60898.0 0.000000
60899.0 0.000000
60900.0 0.000000
60901.0 0.000000
60902.0 0.000000
60903.0 0.000000
60904.0 0.000000
60905.0 0.000000
60906.0 0.000000
60907.0 0.000000
60908.0 0.000000
60909.0 0.000000
60910.0 0.000000
60911.0 0.000000
60912.0 0.000000
60913.0 0.000000
60914.0 0.000000
60915.0 0.000000
60916.0 0.000000
60917.0 0.000000
60918.0 0.000000
60919.0 0.000000
60920.0 0.000000
60921.0 0.000000
60922.0 0.000000
60923.0 0.000000
60924.0 0.000000
60925.0 0.000000
60926.0 0.000000
60927.0 0.000000
60928.0 0.000000
60929.0 0.000000
60930.0 0.000000
