1	3
2	3
3	3
4	3
5	3
6	3
7	3
8	3
9	3
10	3
11	3
12	3
13	3
14	3
15	3
16	3
17	3
18	3
19	3
20	3
21	3
22	3
23	3
24	3
25	3
26	3
27	3
28	3
29	3
30	3
31	3
32	3
33	3
34	3
35	3
36	3
37	3
38	3
39	3
40	3
41	3
42	3
43	3
44	3
45	3
46	3
47	3
48	3
49	3
50	3
51	3
52	3
53	3
54	3
55	3
56	3
57	3
58	3
59	3
60	3
61	3
62	3
63	3
64	3
65	3
66	3
67	3
68	3
69	3
70	3
71	3
72	3
73	3
74	3
75	3
76	3
77	3
78	3
79	3
80	3
81	3
82	3
83	3
84	3
85	3
86	3
87	3
88	3
89	3
90	3
91	3
92	3
93	3
94	3
95	3
96	3
97	3
98	3
99	3
100	3
101	3
102	3
103	3
104	3
105	3
106	3
107	3
108	3
109	3
110	3
111	3
112	3
113	3
114	3
115	3
116	3
117	3
118	3
119	2.5
120	2.5
121	2.5
122	2.5
123	2.5
124	2.5
125	2.5
126	2.5
127	2.5
128	2.5
129	2.5
130	2.5
131	2.5
132	2.5
133	2.5
134	2.5
135	2.5
136	2.5
137	2.5
138	2.5
139	2.5
140	2.5
141	2.5
142	2.5
143	2.5
144	2.5
145	2.5
146	2.5
147	2.5
148	2.5
149	3
150	3
151	3
152	3
153	3
154	3
155	3
156	3
157	3
158	3
159	3
160	3
161	3
162	3
163	3
164	3
165	3
166	3
167	3
168	3
169	3
170	3
171	3
172	3
173	3
174	3
175	3
176	3
177	3
178	3
179	3
180	3
181	3
182	3
183	3
184	3
185	3
186	3
187	3
188	3
189	3
190	3
191	3
192	3
193	3
194	3
195	3
196	3
197	3
198	3
199	3
200	3
201	3
202	3
203	3
204	3
205	3
206	3
207	3
208	3
209	3
210	3
211	3
212	3
213	3
214	3
215	3
216	3
217	3
218	3
219	3
220	3
221	3
222	3
223	3
224	3
225	3
226	3
227	3
228	3
229	3
230	3
231	3
232	3
233	3
234	3
235	3
236	3
237	3
238	3
239	3
240	3
241	3
242	3
243	3
244	3
245	3
246	3
247	3
248	3
249	3
250	3
251	3
252	3
253	3
254	3
255	3
256	3
257	3
258	3
259	3
260	3
261	3
262	3
263	3
264	3
265	3
266	3
267	3
268	5
269	5
270	5
271	5
272	5
273	5
274	5
275	5
276	5
277	5
278	5
279	5
280	5
281	5
282	5
283	5
284	5
285	5
286	5
287	5
288	5
289	5
290	5
291	5
292	5
293	5
294	5
295	5
296	5
297	5
298	3
299	3
300	3
301	3
302	3
303	3
304	3
305	3
306	3
307	3
308	3
309	3
310	3
311	3
312	3
313	3
314	3
315	3
316	3
317	3
318	3
319	3
320	3
321	3
322	3
323	3
324	3
325	3
326	3.5
327	3.5
328	3.5
329	3.5
330	3.5
331	3.5
332	3.5
333	3.5
334	3.5
335	3.5
336	3.5
337	3.5
338	3.5
339	3.5
340	3.5
341	3.5
342	3.5
343	3.5
344	3.5
345	3.5
346	3.5
347	3.5
348	3.5
349	3.5
350	3.5
351	3.5
352	3.5
353	3.5
354	3.5
355	3.5
356	3
357	3
358	3
359	3
360	3
361	3
362	3
363	3
364	3
365	3
366	3
367	3
368	3
369	3
370	3
371	3
372	3
373	3
374	3
375	3
376	3
377	3
378	3
379	3
380	3
381	3
382	3
383	3
384	4.5
385	4.5
386	4.5
387	4.5
388	4.5
389	4.5
390	4.5
391	4.5
392	4.5
393	4.5
394	4.5
395	4.5
396	4.5
397	4.5
398	4.5
399	4.5
400	4.5
401	4.5
402	4.5
403	4.5
404	4.5
405	4.5
406	4.5
407	4.5
408	4.5
409	4.5
410	4.5
411	4.5
412	4.5
413	4.5
414	3
415	3
416	3
417	3
418	3
419	3
420	3
421	3
422	3
423	3
424	3
425	3
426	3
427	3
428	3
429	3
430	3
431	3
432	3
433	3
434	3
435	3
436	3
437	3
438	3
439	3
440	3
441	3
442	3.3
443	3.3
444	3.3
445	3.3
446	3.3
447	3.3
448	3.3
449	3.3
450	3.3
451	3.3
452	3.3
453	3.3
454	3.3
455	3.3
456	3.3
457	3.3
458	3.3
459	3.3
460	3.3
461	3.3
462	3.3
463	3.3
464	3.3
465	3.3
466	3.3
467	3.3
468	3.3
469	3.3
470	3.3
471	3.3
472	3
473	3
474	3
475	3
476	3
477	3
478	3
479	3
480	3
481	3
482	3
483	3
484	3
485	3
486	3
487	3
488	3
489	3
490	3
491	3
492	3
493	3
494	3
495	3
496	3
497	3
498	3
499	3
500	3
501	3.0
502	3.0
503	3.0
504	3.0
505	3.0
506	3.0
507	3.0
508	3.0
509	3.0
510	3.0
511	3.0
512	3.0
513	3.0
514	3.0
515	3.0
516	3.0
517	3.0
518	3.0
519	3.0
520	3.0
521	3.0
522	3.0
523	3.0
524	3.0
525	3.0
526	3.0
527	3.0
528	3.0
529	3.0
530	3.0
531	3.0
532	3.0
533	3.0
534	3.0
535	3.0
536	3.0
537	3.0
538	3.0
539	3.0
540	3.0
541	3.0
542	3.0
543	3.0
544	3.0
545	3.0
546	3.0
547	3.0
548	3.0
549	3.0
550	3.0
551	3.0
552	3.0
553	3.0
554	3.0
555	3.0
556	3.0
557	3.0
558	3.0
559	3.0
560	3.0
561	3.0
562	3.0
563	3.0
564	3.0
565	3.0
566	3.0
567	3.0
568	3.0
569	3.0
570	3.0
571	3.0
572	3.0
573	3.0
574	3.0
575	3.0
576	3.0
577	3.0
578	3.0
579	3.0
580	3.0
581	3.0
582	3.0
583	3.0
584	3.0
585	3.0
586	3.0
587	3.0
588	3.0
589	3.0
590	3.0
591	3.0
592	3.0
593	3.0
594	3.0
595	3.0
596	3.0
597	3.0
598	3.0
599	3.0
600	3.0
601	3.0
602	3.0
603	3.0
604	3.0
605	3.0
606	3.0
607	3.0
608	3.0
609	3.0
610	3.0
611	3.0
612	3.0
613	3.0
614	3.0
615	3.0
616	3.0
617	3.0
618	3.0
619	3.0
620	3.0
621	3.0
622	3.0
623	3.0
624	3.0
625	3.0
626	3.0
627	3.0
628	3.0
629	3.0
630	3.0
631	3.0
632	3.0
633	3.0
634	3.0
635	3.0
636	3.0
637	3.0
638	3.0
639	3.0
640	3.0
641	3.0
642	3.0
643	3.0
644	3.0
645	3.0
646	3.0
647	3.0
648	3.0
649	3.0
650	3.0
651	3.0
652	3.0
653	3.0
654	3.0
655	3.0
656	3.0
657	3.0
658	3.0
659	3.0
660	3.0
661	3.0
662	3.0
663	3.0
664	3.0
665	3.0
666	3.0
667	3.0
668	3.0
669	3.0
670	3.0
671	3.00000000001
672	3.00000000001
673	3.00000000002
674	3.00000000002
675	3.00000000003
676	3.00000000005
677	3.00000000007
678	3.0000000001
679	3.00000000015
680	3.00000000022
681	3.00000000031
682	3.00000000045
683	3.00000000065
684	3.00000000093
685	3.00000000132
686	3.00000000188
687	3.00000000266
688	3.00000000376
689	3.00000000529
690	3.00000000743
691	3.0000000104
692	3.00000001451
693	3.00000002019
694	3.00000002799
695	3.00000003871
696	3.00000005335
697	3.00000007332
698	3.00000010045
699	3.0000001372
700	3.00000018683
701	3.00000025365
702	3.0000003433
703	3.00000046324
704	3.00000062319
705	3.00000083581
706	3.00000111757
707	3.00000148977
708	3.00000197991
709	3.00000262331
710	3.00000346523
711	3.00000456346
712	3.00000599149
713	3.00000784249
714	3.00001023416
715	3.00001331465
716	3.00001726974
717	3.00002233164
718	3.00002878952
719	3.00003700217
720	3.00004741315
721	3.00006056884
722	3.00007713982
723	3.00009794603
724	3.00012398636
725	3.00015647317
726	3.00019687235
727	3.00024694967
728	3.00030882401
729	3.00038502819
730	3.00047857817
731	3.0005930511
732	3.00073267305
733	3.00090241686
734	3.00110811047
735	3.0013565562
736	3.00165566094
737	3.00201457708
738	3.00244385396
739	3.00295559885
740	3.00356364638
741	3.00428373497
742	3.00513368788
743	3.00613359652
744	3.00730600261
745	3.00867607542
746	3.01027177955
747	3.01212402821
748	3.01426681606
749	3.01673732551
750	3.01957599921
751	3.02282657176
752	3.02653605265
753	3.03075465256
754	3.0355356453
755	3.04093515731
756	3.04701187765
757	3.05382668165
758	3.06144216253
759	3.06992206647
760	3.07933062816
761	3.08973180577
762	3.10118841618
763	3.11376117396
764	3.12750764016
765	3.1424810895
766	3.15872930795
767	3.17629333532
768	3.19520617069
769	3.21549146122
770	3.23716219772
771	3.26021944276
772	3.28465111874
773	3.31043088551
774	3.33751713711
775	3.36585214839
776	3.39536140092
777	3.42595311675
778	3.45751802628
779	3.48992939341
780	3.52304331748
781	3.55669932664
782	3.59072127227
783	3.62491852775
784	3.6590874888
785	3.69301336564
786	3.72647225014
787	3.75923343464
788	3.79106195186
789	3.82172129931
790	3.85097630599
791	3.87859609384
792	3.90435708293
793	3.92804598618
794	3.94946273797
795	3.96842330054
796	3.98476229348
797	3.99833539365
798	4.0090214569
799	4.01672431808
800	4.02137423186
801	4.02292892411
802	4.02137423186
803	4.01672431808
804	4.0090214569
805	3.99833539365
806	3.98476229348
807	3.96842330054
808	3.94946273797
809	3.92804598618
810	3.90435708293
811	3.87859609384
812	3.85097630599
813	3.82172129931
814	3.79106195186
815	3.75923343464
816	3.72647225014
817	3.69301336564
818	3.6590874888
819	3.62491852775
820	3.59072127227
821	3.55669932664
822	3.52304331748
823	3.48992939341
824	3.45751802628
825	3.42595311675
826	3.39536140092
827	3.36585214839
828	3.33751713711
829	3.31043088551
830	3.28465111874
831	3.26021944276
832	3.23716219772
833	3.21549146122
834	3.19520617069
835	3.17629333532
836	3.15872930795
837	3.1424810895
838	3.12750764016
839	3.11376117396
840	3.10118841618
841	3.08973180577
842	3.07933062816
843	3.06992206647
844	3.06144216253
845	3.05382668165
846	3.04701187765
847	3.04093515731
848	3.0355356453
849	3.03075465256
850	3.02653605265
851	3.02282657176
852	3.01957599921
853	3.01673732551
854	3.01426681606
855	3.01212402821
856	3.01027177955
857	3.00867607542
858	3.00730600261
859	3.00613359652
860	3.00513368788
861	3.00428373497
862	3.00356364638
863	3.00295559885
864	3.00244385396
865	3.00201457708
866	3.00165566094
867	3.0013565562
868	3.00110811047
869	3.00090241686
870	3.00073267305
871	3.0005930511
872	3.00047857817
873	3.00038502819
874	3.00030882401
875	3.00024694967
876	3.00019687235
877	3.00015647317
878	3.00012398636
879	3.00009794603
880	3.00007713982
881	3.00006056884
882	3.00004741315
883	3.00003700217
884	3.00002878952
885	3.00002233164
886	3.00001726974
887	3.00001331465
888	3.00001023416
889	3.00000784249
890	3.00000599149
891	3.00000456346
892	3.00000346523
893	3.00000262331
894	3.00000197991
895	3.00000148977
896	3.00000111757
897	3.00000083581
898	3.00000062319
899	3.00000046324
900	3.0000003433
901	3.00000025365
902	3.00000018683
903	3.0000001372
904	3.00000010045
905	3.00000007332
906	3.00000005335
907	3.00000003871
908	3.00000002799
909	3.00000002019
910	3.00000001451
911	3.0000000104
912	3.00000000743
913	3.00000000529
914	3.00000000376
915	3.00000000266
916	3.00000000188
917	3.00000000132
918	3.00000000093
919	3.00000000065
920	3.00000000045
921	3.00000000031
922	3.00000000022
923	3.00000000015
924	3.0000000001
925	3.00000000007
926	3.00000000005
927	3.00000000003
928	3.00000000002
929	3.00000000002
930	3.00000000001
931	3.00000000001
932	3.0
933	3.0
934	3.0
935	3.0
936	3.0
937	3.0
938	3.0
939	3.0
940	3.0
941	3.0
942	3.0
943	3.0
944	3.0
945	3.0
946	3.0
947	3.0
948	3.0
949	3.0
950	3.0
951	3.0
952	3.0
953	3.0
954	3.0
955	3.0
956	3.0
957	3.0
958	3.0
959	3.0
960	3.0
961	3.0
962	3.0
963	3.0
964	3.0
965	3.0
966	3.0
967	3.0
968	3.0
969	3.0
970	3.0
971	3.0
972	3.0
973	3.0
974	3.0
975	3.0
976	3.0
977	3.0
978	3.0
979	3.0
980	3.0
981	3.0
982	3.0
983	3.0
984	3.0
985	3.0
986	3.0
987	3.0
988	3.0
989	3.0
990	3.0
991	3.0
992	3.0
993	3.0
994	3.0
995	3.0
996	3.0
997	3.0
998	3.0
999	3.0
1000	3.0
1001	3.0
1002	3.0
1003	3.0
1004	3.0
1005	3.0
1006	3.0
1007	3.0
1008	3.0
1009	3.0
1010	3.0
1011	3.0
1012	3.0
1013	3.0
1014	3.0
1015	3.0
1016	3.0
1017	3.0
1018	3.0
1019	3.0
1020	3.0
1021	3.0
1022	3.0
1023	3.0
1024	3.0
1025	3.0
1026	3.0
1027	3.0
1028	3.0
1029	3.0
1030	3.0
1031	3.0
1032	3.0
1033	3.0
1034	3.0
1035	3.0
1036	3.0
1037	3.0
1038	3.0
1039	3.0
1040	3.0
1041	3.0
1042	3.0
1043	3.0
1044	3.0
1045	3.0
1046	3.0
1047	3.0
1048	3.0
1049	3.0
1050	3.0
1051	3.0
1052	3.0
1053	3.0
1054	3.0
1055	3.0
1056	3.0
1057	3.0
1058	3.0
1059	3.0
1060	3.0
1061	3.0
1062	3.0
1063	3.0
1064	3.0
1065	3.0
1066	3.0
1067	3.0
1068	3.0
1069	3.0
1070	3.0
1071	3.0
1072	3.0
1073	3.0
1074	3.0
1075	3.0
1076	3.0
1077	3.0
1078	3.0
1079	3.0
1080	3.0
1081	3.0
1082	3.0
1083	3.0
1084	3.0
1085	3.0
1086	3.0
1087	3.0
1088	3.0
1089	3.0
1090	3.0
1091	3.0
1092	3.0
1093	3.0
1094	3.0
1095	3.0
1096	3.0
1097	3.0
1098	3.0
1099	3.0
1100	3.0
1101	3.0
1102	3.0
1103	3.0
1104	3.0
1105	3.0
1106	3.0
1107	3.0
1108	3.0
1109	3.0
1110	3.0
1111	3.0
1112	3.0
1113	3.0
1114	3.0
1115	3.0
1116	3.0
1117	3.0
1118	3.0
1119	3.0
1120	3.0
1121	3.0
1122	3.0
1123	3.0
1124	3.0
1125	3.0
1126	3.0
1127	3.0
1128	3.0
1129	3.0
1130	3.0
1131	3.0
1132	3.0
1133	3.0
1134	3.0
1135	3.0
1136	3.0
1137	3.0
1138	3.0
1139	3.0
1140	3.0
1141	3.0
1142	3.0
1143	3.0
1144	3.0
1145	3.0
1146	3.0
1147	3.0
1148	3.0
1149	3.0
1150	3.0
1151	3.0
1152	3.0
1153	3.0
1154	3.0
1155	3.0
1156	3.0
1157	3.0
1158	3.0
1159	3.0
1160	3.0
1161	3.0
1162	3.0
1163	3.0
1164	3.0
1165	3.0
1166	3.0
1167	3.0
1168	3.0
1169	3.0
1170	3.0
1171	3.0
1172	3.0
1173	3.0
1174	3.0
1175	3.0
1176	3.0
1177	3.0
1178	3.0
1179	3.0
1180	3.0
1181	3.0
1182	3.0
1183	3.0
1184	3.0
1185	3.0
1186	3.0
1187	3.0
1188	3.0
1189	3.0
1190	3.0
1191	3.0
1192	3.0
1193	3.0
1194	3.0
1195	3.0
1196	3.0
1197	3.0
1198	3.0
1199	3.0
1200	3.0
1201	3.0
1202	3.0
1203	3.0
1204	3.0
1205	3.0
1206	3.0
1207	3.0
1208	3.0
1209	3.0
1210	3.0
1211	3.0
1212	3.0
1213	3.0
1214	3.0
1215	3.0
1216	3.0
1217	3.0
1218	3.0
1219	3.0
1220	3.0
1221	3.0
1222	3.0
1223	3.0
1224	3.0
1225	3.0
1226	3.0
1227	3.0
1228	3.0
1229	3.0
1230	3.0
1231	3.0
1232	3.0
1233	3.0
1234	3.0
1235	3.0
1236	3.0
1237	3.0
1238	3.0
1239	3.0
1240	3.0
1241	3.0
1242	3.0
1243	3.0
1244	3.0
1245	3.0
1246	3.0
1247	3.0
1248	3.0
1249	3.0
1250	3.0
1251	3.0
1252	3.0
1253	3.0
1254	3.0
1255	3.0
1256	3.0
1257	3.0
1258	3.0
1259	3.0
1260	3.0
1261	3.0
1262	3.0
1263	3.0
1264	3.0
1265	3.0
1266	3.0
1267	3.0
1268	3.0
1269	3.0
1270	3.0
1271	3.00000000001
1272	3.00000000001
1273	3.00000000002
1274	3.00000000002
1275	3.00000000003
1276	3.00000000005
1277	3.00000000007
1278	3.0000000001
1279	3.00000000015
1280	3.00000000022
1281	3.00000000031
1282	3.00000000045
1283	3.00000000065
1284	3.00000000093
1285	3.00000000132
1286	3.00000000188
1287	3.00000000266
1288	3.00000000376
1289	3.00000000529
1290	3.00000000743
1291	3.0000000104
1292	3.00000001451
1293	3.00000002019
1294	3.00000002799
1295	3.00000003871
1296	3.00000005335
1297	3.00000007332
1298	3.00000010045
1299	3.0000001372
1300	3.00000018683
1301	3.00000025365
1302	3.0000003433
1303	3.00000046324
1304	3.00000062319
1305	3.00000083581
1306	3.00000111757
1307	3.00000148977
1308	3.00000197991
1309	3.00000262331
1310	3.00000346523
1311	3.00000456346
1312	3.00000599149
1313	3.00000784249
1314	3.00001023416
1315	3.00001331465
1316	3.00001726974
1317	3.00002233164
1318	3.00002878952
1319	3.00003700217
1320	3.00004741315
1321	3.00006056884
1322	3.00007713982
1323	3.00009794603
1324	3.00012398636
1325	3.00015647317
1326	3.00019687235
1327	3.00024694967
1328	3.00030882401
1329	3.00038502819
1330	3.00047857817
1331	3.0005930511
1332	3.00073267305
1333	3.00090241686
1334	3.00110811047
1335	3.0013565562
1336	3.00165566094
1337	3.00201457708
1338	3.00244385396
1339	3.00295559885
1340	3.00356364638
1341	3.00428373497
1342	3.00513368788
1343	3.00613359652
1344	3.00730600261
1345	3.00867607542
1346	3.01027177955
1347	3.01212402821
1348	3.01426681606
1349	3.01673732551
1350	3.01957599921
1351	3.02282657176
1352	3.02653605265
1353	3.03075465256
1354	3.0355356453
1355	3.04093515731
1356	3.04701187765
1357	3.05382668165
1358	3.06144216253
1359	3.06992206647
1360	3.07933062816
1361	3.08973180577
1362	3.10118841618
1363	3.11376117396
1364	3.12750764016
1365	3.1424810895
1366	3.15872930795
1367	3.17629333532
1368	3.19520617069
1369	3.21549146122
1370	3.23716219772
1371	3.26021944276
1372	3.28465111874
1373	3.31043088551
1374	3.33751713711
1375	3.36585214839
1376	3.39536140092
1377	3.42595311675
1378	3.45751802628
1379	3.48992939341
1380	3.52304331748
1381	3.55669932664
1382	3.59072127227
1383	3.62491852775
1384	3.6590874888
1385	3.69301336564
1386	3.72647225014
1387	3.75923343464
1388	3.79106195186
1389	3.82172129931
1390	3.85097630599
1391	3.87859609384
1392	3.90435708293
1393	3.92804598618
1394	3.94946273797
1395	3.96842330054
1396	3.98476229348
1397	3.99833539365
1398	4.0090214569
1399	4.01672431808
1400	4.02137423186
1401	4.02292892411
1402	4.02137423186
1403	4.01672431808
1404	4.0090214569
1405	3.99833539365
1406	3.98476229348
1407	3.96842330054
1408	3.94946273797
1409	3.92804598618
1410	3.90435708293
1411	3.87859609384
1412	3.85097630599
1413	3.82172129931
1414	3.79106195186
1415	3.75923343464
1416	3.72647225014
1417	3.69301336564
1418	3.6590874888
1419	3.62491852775
1420	3.59072127227
1421	3.55669932664
1422	3.52304331748
1423	3.48992939341
1424	3.45751802628
1425	3.42595311675
1426	3.39536140092
1427	3.36585214839
1428	3.33751713711
1429	3.31043088551
1430	3.28465111874
1431	3.26021944276
1432	3.23716219772
1433	3.21549146122
1434	3.19520617069
1435	3.17629333532
1436	3.15872930795
1437	3.1424810895
1438	3.12750764016
1439	3.11376117396
1440	3.10118841618
1441	3.08973180577
1442	3.07933062816
1443	3.06992206647
1444	3.06144216253
1445	3.05382668165
1446	3.04701187765
1447	3.04093515731
1448	3.0355356453
1449	3.03075465256
1450	3.02653605265
1451	3.02282657176
1452	3.01957599921
1453	3.01673732551
1454	3.01426681606
1455	3.01212402821
1456	3.01027177955
1457	3.00867607542
1458	3.00730600261
1459	3.00613359652
1460	3.00513368788
1461	3.00428373497
1462	3.00356364638
1463	3.00295559885
1464	3.00244385396
1465	3.00201457708
1466	3.00165566094
1467	3.0013565562
1468	3.00110811047
1469	3.00090241686
1470	3.00073267305
1471	3.0005930511
1472	3.00047857817
1473	3.00038502819
1474	3.00030882401
1475	3.00024694967
1476	3.00019687235
1477	3.00015647317
1478	3.00012398636
1479	3.00009794603
1480	3.00007713982
1481	3.00006056884
1482	3.00004741315
1483	3.00003700217
1484	3.00002878952
1485	3.00002233164
1486	3.00001726974
1487	3.00001331465
1488	3.00001023416
1489	3.00000784249
1490	3.00000599149
1491	3.00000456346
1492	3.00000346523
1493	3.00000262331
1494	3.00000197991
1495	3.00000148977
1496	3.00000111757
1497	3.00000083581
1498	3.00000062319
1499	3.00000046324
1500	3.0000003433
1501	3.00000025365
1502	3.00000018683
1503	3.0000001372
1504	3.00000010045
1505	3.00000007332
1506	3.00000005335
1507	3.00000003871
1508	3.00000002799
1509	3.00000002019
1510	3.00000001451
1511	3.0000000104
1512	3.00000000743
1513	3.00000000529
1514	3.00000000376
1515	3.00000000266
1516	3.00000000188
1517	3.00000000132
1518	3.00000000093
1519	3.00000000065
1520	3.00000000045
1521	3.00000000031
1522	3.00000000022
1523	3.00000000015
1524	3.0000000001
1525	3.00000000007
1526	3.00000000005
1527	3.00000000003
1528	3.00000000002
1529	3.00000000002
1530	3.00000000001
1531	3.00000000001
1532	3.0
1533	3.0
1534	3.0
1535	3.0
1536	3.0
1537	3.0
1538	3.0
1539	3.0
1540	3.0
1541	3.0
1542	3.0
1543	3.0
1544	3.0
1545	3.0
1546	3.0
1547	3.0
1548	3.0
1549	3.0
1550	3.0
1551	3.0
1552	3.0
1553	3.0
1554	3.0
1555	3.0
1556	3.0
1557	3.0
1558	3.0
1559	3.0
1560	3.0
1561	3.0
1562	3.0
1563	3.0
1564	3.0
1565	3.0
1566	3.0
1567	3.0
1568	3.0
1569	3.0
1570	3.0
1571	3.0
1572	3.0
1573	3.0
1574	3.0
1575	3.0
1576	3.0
1577	3.0
1578	3.0
1579	3.0
1580	3.0
1581	3.0
1582	3.0
1583	3.0
1584	3.0
1585	3.0
1586	3.0
1587	3.0
1588	3.0
1589	3.0
1590	3.0
1591	3.0
1592	3.0
1593	3.0
1594	3.0
1595	3.0
1596	3.0
1597	3.0
1598	3.0
1599	3.0
1600	3.0
1601	3.0
1602	3.0
1603	3.0
1604	3.0
1605	3.0
1606	3.0
1607	3.0
1608	3.0
1609	3.0
1610	3.0
1611	3.0
1612	3.0
1613	3.0
1614	3.0
1615	3.0
1616	3.0
1617	3.0
1618	3.0
1619	3.0
1620	3.0
1621	3.0
1622	3.0
1623	3.0
1624	3.0
1625	3.0
1626	3.0
1627	3.0
1628	3.0
1629	3.0
1630	3.0
1631	3.0
1632	3.0
1633	3.0
1634	3.0
1635	3.0
1636	3.0
1637	3.0
1638	3.0
1639	3.0
1640	3.0
1641	3.0
1642	3.0
1643	3.0
1644	3.0
1645	3.0
1646	3.0
1647	3.0
1648	3.0
1649	3.0
1650	3.0
1651	3.0
1652	3.0
1653	3.0
1654	3.0
1655	3.0
1656	3.0
1657	3.0
1658	3.0
1659	3.0
1660	3.0
1661	3.0
1662	3.0
1663	3.0
1664	3.0
1665	3.0
1666	3.0
1667	3.0
1668	3.0
1669	3.0
1670	3.0
1671	3.0
1672	3.0
1673	3.0
1674	3.0
1675	3.0
1676	3.0
1677	3.0
1678	3.0
1679	3.0
1680	3.0
1681	3.0
1682	3.0
1683	3.0
1684	3.0
1685	3.0
1686	3.0
1687	3.0
1688	3.0
1689	3.0
1690	3.0
1691	3.0
1692	3.0
1693	3.0
1694	3.0
1695	3.0
1696	3.0
1697	3.0
1698	3.0
1699	3.0
1700	3.0
1701	3.0
1702	3.0
1703	3.0
1704	3.0
1705	3.0
1706	3.0
1707	3.0
1708	3.0
1709	3.0
1710	3.0
1711	3.0
1712	3.0
1713	3.0
1714	3.0
1715	3.0
1716	3.0
1717	3.0
1718	3.0
1719	3.0
1720	3.0
1721	3.0
1722	3.0
1723	3.0
1724	3.0
1725	3.0
1726	3.0
1727	3.0
1728	3.0
1729	3.0
1730	3.0
1731	3.0
1732	3.0
1733	3.0
1734	3.0
1735	3.0
1736	3.0
1737	3.0
1738	3.0
1739	3.0
1740	3.0
1741	3.0
1742	3.0
1743	3.0
1744	3.0
1745	3.0
1746	3.0
1747	3.0
1748	3.0
1749	3.0
1750	3.0
1751	3.0
1752	3.0
1753	3.0
1754	3.0
1755	3.0
1756	3.0
1757	3.0
1758	3.0
1759	3.0
1760	3.0
1761	3.0
1762	3.0
1763	3.0
1764	3.0
1765	3.0
1766	3.0
1767	3.0
1768	3.0
1769	3.0
1770	3.0
1771	3.0
1772	3.0
1773	3.0
1774	3.0
1775	3.0
1776	3.0
1777	3.0
1778	3.0
1779	3.0
1780	3.0
1781	3.0
1782	3.0
1783	3.0
1784	3.0
1785	3.0
1786	3.0
1787	3.0
1788	3.0
1789	3.0
1790	3.0
1791	3.0
1792	3.0
1793	3.0
1794	3.0
1795	3.0
1796	3.0
1797	3.0
1798	3.0
1799	3.0
1800	3.0
1801	3.0
1802	3.0
1803	3.0
1804	3.0
1805	3.0
1806	3.0
1807	3.0
1808	3.0
1809	3.0
1810	3.0
1811	3.0
1812	3.0
1813	3.0
1814	3.0
1815	3.0
1816	3.0
1817	3.0
1818	3.0
1819	3.0
1820	3.0
1821	3.0
1822	3.0
1823	3.0
1824	3.0
1825	3.0
1826	3.0
1827	3.0
1828	3.0
1829	3.0
1830	3.0
1831	3.0
1832	3.0
1833	3.0
1834	3.0
1835	3.0
1836	3.0
1837	3.0
1838	3.0
1839	3.0
1840	3.0
1841	3.0
1842	3.0
1843	3.0
1844	3.0
1845	3.0
1846	3.0
1847	3.0
1848	3.0
1849	3.0
1850	3.0
1851	3.0
1852	3.0
1853	3.0
1854	3.0
1855	3.0
1856	3.0
1857	3.0
1858	3.0
1859	3.0
1860	3.0
1861	3.0
1862	3.0
1863	3.0
1864	3.0
1865	3.0
1866	3.0
1867	3.0
1868	3.0
1869	3.0
1870	3.0
1871	3.00000000001
1872	3.00000000001
1873	3.00000000002
1874	3.00000000002
1875	3.00000000003
1876	3.00000000005
1877	3.00000000007
1878	3.0000000001
1879	3.00000000015
1880	3.00000000022
1881	3.00000000031
1882	3.00000000045
1883	3.00000000065
1884	3.00000000093
1885	3.00000000132
1886	3.00000000188
1887	3.00000000266
1888	3.00000000376
1889	3.00000000529
1890	3.00000000743
1891	3.0000000104
1892	3.00000001451
1893	3.00000002019
1894	3.00000002799
1895	3.00000003871
1896	3.00000005335
1897	3.00000007332
1898	3.00000010045
1899	3.0000001372
1900	3.00000018683
1901	3.00000025365
1902	3.0000003433
1903	3.00000046324
1904	3.00000062319
1905	3.00000083581
1906	3.00000111757
1907	3.00000148977
1908	3.00000197991
1909	3.00000262331
1910	3.00000346523
1911	3.00000456346
1912	3.00000599149
1913	3.00000784249
1914	3.00001023416
1915	3.00001331465
1916	3.00001726974
1917	3.00002233164
1918	3.00002878952
1919	3.00003700217
1920	3.00004741315
1921	3.00006056884
1922	3.00007713982
1923	3.00009794603
1924	3.00012398636
1925	3.00015647317
1926	3.00019687235
1927	3.00024694967
1928	3.00030882401
1929	3.00038502819
1930	3.00047857817
1931	3.0005930511
1932	3.00073267305
1933	3.00090241686
1934	3.00110811047
1935	3.0013565562
1936	3.00165566094
1937	3.00201457708
1938	3.00244385396
1939	3.00295559885
1940	3.00356364638
1941	3.00428373497
1942	3.00513368788
1943	3.00613359652
1944	3.00730600261
1945	3.00867607542
1946	3.01027177955
1947	3.01212402821
1948	3.01426681606
1949	3.01673732551
1950	3.01957599921
1951	3.02282657176
1952	3.02653605265
1953	3.03075465256
1954	3.0355356453
1955	3.04093515731
1956	3.04701187765
1957	3.05382668165
1958	3.06144216253
1959	3.06992206647
1960	3.07933062816
1961	3.08973180577
1962	3.10118841618
1963	3.11376117396
1964	3.12750764016
1965	3.1424810895
1966	3.15872930795
1967	3.17629333532
1968	3.19520617069
1969	3.21549146122
1970	3.23716219772
1971	3.26021944276
1972	3.28465111874
1973	3.31043088551
1974	3.33751713711
1975	3.36585214839
1976	3.39536140092
1977	3.42595311675
1978	3.45751802628
1979	3.48992939341
1980	3.52304331748
1981	3.55669932664
1982	3.59072127227
1983	3.62491852775
1984	3.6590874888
1985	3.69301336564
1986	3.72647225014
1987	3.75923343464
1988	3.79106195186
1989	3.82172129931
1990	3.85097630599
1991	3.87859609384
1992	3.90435708293
1993	3.92804598618
1994	3.94946273797
1995	3.96842330054
1996	3.98476229348
1997	3.99833539365
1998	4.0090214569
1999	4.01672431808
2000	4.02137423186
2001	4.02292892411
2002	4.02137423186
2003	4.01672431808
2004	4.0090214569
2005	3.99833539365
2006	3.98476229348
2007	3.96842330054
2008	3.94946273797
2009	3.92804598618
2010	3.90435708293
2011	3.87859609384
2012	3.85097630599
2013	3.82172129931
2014	3.79106195186
2015	3.75923343464
2016	3.72647225014
2017	3.69301336564
2018	3.6590874888
2019	3.62491852775
2020	3.59072127227
2021	3.55669932664
2022	3.52304331748
2023	3.48992939341
2024	3.45751802628
2025	3.42595311675
2026	3.39536140092
2027	3.36585214839
2028	3.33751713711
2029	3.31043088551
2030	3.28465111874
2031	3.26021944276
2032	3.23716219772
2033	3.21549146122
2034	3.19520617069
2035	3.17629333532
2036	3.15872930795
2037	3.1424810895
2038	3.12750764016
2039	3.11376117396
2040	3.10118841618
2041	3.08973180577
2042	3.07933062816
2043	3.06992206647
2044	3.06144216253
2045	3.05382668165
2046	3.04701187765
2047	3.04093515731
2048	3.0355356453
2049	3.03075465256
2050	3.02653605265
2051	3.02282657176
2052	3.01957599921
2053	3.01673732551
2054	3.01426681606
2055	3.01212402821
2056	3.01027177955
2057	3.00867607542
2058	3.00730600261
2059	3.00613359652
2060	3.00513368788
2061	3.00428373497
2062	3.00356364638
2063	3.00295559885
2064	3.00244385396
2065	3.00201457708
2066	3.00165566094
2067	3.0013565562
2068	3.00110811047
2069	3.00090241686
2070	3.00073267305
2071	3.0005930511
2072	3.00047857817
2073	3.00038502819
2074	3.00030882401
2075	3.00024694967
2076	3.00019687235
2077	3.00015647317
2078	3.00012398636
2079	3.00009794603
2080	3.00007713982
2081	3.00006056884
2082	3.00004741315
2083	3.00003700217
2084	3.00002878952
2085	3.00002233164
2086	3.00001726974
2087	3.00001331465
2088	3.00001023416
2089	3.00000784249
2090	3.00000599149
2091	3.00000456346
2092	3.00000346523
2093	3.00000262331
2094	3.00000197991
2095	3.00000148977
2096	3.00000111757
2097	3.00000083581
2098	3.00000062319
2099	3.00000046324
2100	3.0000003433
2101	3.00000025365
2102	3.00000018683
2103	3.0000001372
2104	3.00000010045
2105	3.00000007332
2106	3.00000005335
2107	3.00000003871
2108	3.00000002799
2109	3.00000002019
2110	3.00000001451
2111	3.0000000104
2112	3.00000000743
2113	3.00000000529
2114	3.00000000376
2115	3.00000000266
2116	3.00000000188
2117	3.00000000132
2118	3.00000000093
2119	3.00000000065
2120	3.00000000045
2121	3.00000000031
2122	3.00000000022
2123	3.00000000015
2124	3.0000000001
2125	3.00000000007
2126	3.00000000005
2127	3.00000000003
2128	3.00000000002
2129	3.00000000002
2130	3.00000000001
2131	3.00000000001
2132	3.0
2133	3.0
2134	3.0
2135	3.0
2136	3.0
2137	3.0
2138	3.0
2139	3.0
2140	3.0
2141	3.0
2142	3.0
2143	3.0
2144	3.0
2145	3.0
2146	3.0
2147	3.0
2148	3.0
2149	3.0
2150	3.0
2151	3.0
2152	3.0
2153	3.0
2154	3.0
2155	3.0
2156	3.0
2157	3.0
2158	3.0
2159	3.0
2160	3.0
2161	3.0
2162	3.0
2163	3.0
2164	3.0
2165	3.0
2166	3.0
2167	3.0
2168	3.0
2169	3.0
2170	3.0
2171	3.0
2172	3.0
2173	3.0
2174	3.0
2175	3.0
2176	3.0
2177	3.0
2178	3.0
2179	3.0
2180	3.0
2181	3.0
2182	3.0
2183	3.0
2184	3.0
2185	3.0
2186	3.0
2187	3.0
2188	3.0
2189	3.0
2190	3.0
2191	3.0
2192	3.0
2193	3.0
2194	3.0
2195	3.0
2196	3.0
2197	3.0
2198	3.0
2199	3.0
2200	3.0
2201	3.0
2202	3.0
2203	3.0
2204	3.0
2205	3.0
2206	3.0
2207	3.0
2208	3.0
2209	3.0
2210	3.0
2211	3.0
2212	3.0
2213	3.0
2214	3.0
2215	3.0
2216	3.0
2217	3.0
2218	3.0
2219	3.0
2220	3.0
2221	3.0
2222	3.0
2223	3.0
2224	3.0
2225	3.0
2226	3.0
2227	3.0
2228	3.0
2229	3.0
2230	3.0
2231	3.0
2232	3.0
2233	3.0
2234	3.0
2235	3.0
2236	3.0
2237	3.0
2238	3.0
2239	3.0
2240	3.0
2241	3.0
2242	3.0
2243	3.0
2244	3.0
2245	3.0
2246	3.0
2247	3.0
2248	3.0
2249	3.0
2250	3.0
2251	3.0
2252	3.0
2253	3.0
2254	3.0
2255	3.0
2256	3.0
2257	3.0
2258	3.0
2259	3.0
2260	3.0
2261	3.0
2262	3.0
2263	3.0
2264	3.0
2265	3.0
2266	3.0
2267	3.0
2268	3.0
2269	3.0
2270	3.0
2271	3.0
2272	3.0
2273	3.0
2274	3.0
2275	3.0
2276	3.0
2277	3.0
2278	3.0
2279	3.0
2280	3.0
2281	3.0
2282	3.0
2283	3.0
2284	3.0
2285	3.0
2286	3.0
2287	3.0
2288	3.0
2289	3.0
2290	3.0
2291	3.0
2292	3.0
2293	3.0
2294	3.0
2295	3.0
2296	3.0
2297	3.0
2298	3.0
2299	3.0
2300	3.0
2301	3.0
2302	3.0
2303	3.0
2304	3.0
2305	3.0
2306	3.0
2307	3.0
2308	3.0
2309	3.0
2310	3.0
2311	3.0
2312	3.0
2313	3.0
2314	3.0
2315	3.0
2316	3.0
2317	3.0
2318	3.0
2319	3.0
2320	3.0
2321	3.0
2322	3.0
2323	3.0
2324	3.0
2325	3.0
2326	3.0
2327	3.0
2328	3.0
2329	3.0
2330	3.0
2331	3.0
2332	3.0
2333	3.0
2334	3.0
2335	3.0
2336	3.0
2337	3.0
2338	3.0
2339	3.0
2340	3.0
2341	3.0
2342	3.0
2343	3.0
2344	3.0
2345	3.0
2346	3.0
2347	3.0
2348	3.0
2349	3.0
2350	3.0
2351	3.0
2352	3.0
2353	3.0
2354	3.0
2355	3.0
2356	3.0
2357	3.0
2358	3.0
2359	3.0
2360	3.0
2361	3.0
2362	3.0
2363	3.0
2364	3.0
2365	3.0
2366	3.0
2367	3.0
2368	3.0
2369	3.0
2370	3.0
2371	3.0
2372	3.0
2373	3.0
2374	3.0
2375	3.0
2376	3.0
2377	3.0
2378	3.0
2379	3.0
2380	3.0
2381	3.0
2382	3.0
2383	3.0
2384	3.0
2385	3.0
2386	3.0
2387	3.0
2388	3.0
2389	3.0
2390	3.0
2391	3.0
2392	3.0
2393	3.0
2394	3.0
2395	3.0
2396	3.0
2397	3.0
2398	3.0
2399	3.0
2400	3.0
2401	3.0
2402	3.0
2403	3.0
2404	3.0
2405	3.0
2406	3.0
2407	3.0
2408	3.0
2409	3.0
2410	3.0
2411	3.0
2412	3.0
2413	3.0
2414	3.0
2415	3.0
2416	3.0
2417	3.0
2418	3.0
2419	3.0
2420	3.0
2421	3.0
2422	3.0
2423	3.0
2424	3.0
2425	3.0
2426	3.0
2427	3.0
2428	3.0
2429	3.0
2430	3.0
2431	3.0
2432	3.0
2433	3.0
2434	3.0
2435	3.0
2436	3.0
2437	3.0
2438	3.0
2439	3.0
2440	3.0
2441	3.0
2442	3.0
2443	3.0
2444	3.0
2445	3.0
2446	3.0
2447	3.0
2448	3.0
2449	3.0
2450	3.0
2451	3.0
2452	3.0
2453	3.0
2454	3.0
2455	3.0
2456	3.0
2457	3.0
2458	3.0
2459	3.0
2460	3.0
2461	3.0
2462	3.0
2463	3.0
2464	3.0
2465	3.0
2466	3.0
2467	3.0
2468	3.0
2469	3.0
2470	3.0
2471	3.00000000001
2472	3.00000000001
2473	3.00000000002
2474	3.00000000002
2475	3.00000000003
2476	3.00000000005
2477	3.00000000007
2478	3.0000000001
2479	3.00000000015
2480	3.00000000022
2481	3.00000000031
2482	3.00000000045
2483	3.00000000065
2484	3.00000000093
2485	3.00000000132
2486	3.00000000188
2487	3.00000000266
2488	3.00000000376
2489	3.00000000529
2490	3.00000000743
2491	3.0000000104
2492	3.00000001451
2493	3.00000002019
2494	3.00000002799
2495	3.00000003871
2496	3.00000005335
2497	3.00000007332
2498	3.00000010045
2499	3.0000001372
2500	3.00000018683
2501	3.00000025365
2502	3.0000003433
2503	3.00000046324
2504	3.00000062319
2505	3.00000083581
2506	3.00000111757
2507	3.00000148977
2508	3.00000197991
2509	3.00000262331
2510	3.00000346523
2511	3.00000456346
2512	3.00000599149
2513	3.00000784249
2514	3.00001023416
2515	3.00001331465
2516	3.00001726974
2517	3.00002233164
2518	3.00002878952
2519	3.00003700217
2520	3.00004741315
2521	3.00006056884
2522	3.00007713982
2523	3.00009794603
2524	3.00012398636
2525	3.00015647317
2526	3.00019687235
2527	3.00024694967
2528	3.00030882401
2529	3.00038502819
2530	3.00047857817
2531	3.0005930511
2532	3.00073267305
2533	3.00090241686
2534	3.00110811047
2535	3.0013565562
2536	3.00165566094
2537	3.00201457708
2538	3.00244385396
2539	3.00295559885
2540	3.00356364638
2541	3.00428373497
2542	3.00513368788
2543	3.00613359652
2544	3.00730600261
2545	3.00867607542
2546	3.01027177955
2547	3.01212402821
2548	3.01426681606
2549	3.01673732551
2550	3.01957599921
2551	3.02282657176
2552	3.02653605265
2553	3.03075465256
2554	3.0355356453
2555	3.04093515731
2556	3.04701187765
2557	3.05382668165
2558	3.06144216253
2559	3.06992206647
2560	3.07933062816
2561	3.08973180577
2562	3.10118841618
2563	3.11376117396
2564	3.12750764016
2565	3.1424810895
2566	3.15872930795
2567	3.17629333532
2568	3.19520617069
2569	3.21549146122
2570	3.23716219772
2571	3.26021944276
2572	3.28465111874
2573	3.31043088551
2574	3.33751713711
2575	3.36585214839
2576	3.39536140092
2577	3.42595311675
2578	3.45751802628
2579	3.48992939341
2580	3.52304331748
2581	3.55669932664
2582	3.59072127227
2583	3.62491852775
2584	3.6590874888
2585	3.69301336564
2586	3.72647225014
2587	3.75923343464
2588	3.79106195186
2589	3.82172129931
2590	3.85097630599
2591	3.87859609384
2592	3.90435708293
2593	3.92804598618
2594	3.94946273797
2595	3.96842330054
2596	3.98476229348
2597	3.99833539365
2598	4.0090214569
2599	4.01672431808
2600	4.02137423186
2601	4.02292892411
2602	4.02137423186
2603	4.01672431808
2604	4.0090214569
2605	3.99833539365
2606	3.98476229348
2607	3.96842330054
2608	3.94946273797
2609	3.92804598618
2610	3.90435708293
2611	3.87859609384
2612	3.85097630599
2613	3.82172129931
2614	3.79106195186
2615	3.75923343464
2616	3.72647225014
2617	3.69301336564
2618	3.6590874888
2619	3.62491852775
2620	3.59072127227
2621	3.55669932664
2622	3.52304331748
2623	3.48992939341
2624	3.45751802628
2625	3.42595311675
2626	3.39536140092
2627	3.36585214839
2628	3.33751713711
2629	3.31043088551
2630	3.28465111874
2631	3.26021944276
2632	3.23716219772
2633	3.21549146122
2634	3.19520617069
2635	3.17629333532
2636	3.15872930795
2637	3.1424810895
2638	3.12750764016
2639	3.11376117396
2640	3.10118841618
2641	3.08973180577
2642	3.07933062816
2643	3.06992206647
2644	3.06144216253
2645	3.05382668165
2646	3.04701187765
2647	3.04093515731
2648	3.0355356453
2649	3.03075465256
2650	3.02653605265
2651	3.02282657176
2652	3.01957599921
2653	3.01673732551
2654	3.01426681606
2655	3.01212402821
2656	3.01027177955
2657	3.00867607542
2658	3.00730600261
2659	3.00613359652
2660	3.00513368788
2661	3.00428373497
2662	3.00356364638
2663	3.00295559885
2664	3.00244385396
2665	3.00201457708
2666	3.00165566094
2667	3.0013565562
2668	3.00110811047
2669	3.00090241686
2670	3.00073267305
2671	3.0005930511
2672	3.00047857817
2673	3.00038502819
2674	3.00030882401
2675	3.00024694967
2676	3.00019687235
2677	3.00015647317
2678	3.00012398636
2679	3.00009794603
2680	3.00007713982
2681	3.00006056884
2682	3.00004741315
2683	3.00003700217
2684	3.00002878952
2685	3.00002233164
2686	3.00001726974
2687	3.00001331465
2688	3.00001023416
2689	3.00000784249
2690	3.00000599149
2691	3.00000456346
2692	3.00000346523
2693	3.00000262331
2694	3.00000197991
2695	3.00000148977
2696	3.00000111757
2697	3.00000083581
2698	3.00000062319
2699	3.00000046324
2700	3.0000003433
2701	3.00000025365
2702	3.00000018683
2703	3.0000001372
2704	3.00000010045
2705	3.00000007332
2706	3.00000005335
2707	3.00000003871
2708	3.00000002799
2709	3.00000002019
2710	3.00000001451
2711	3.0000000104
2712	3.00000000743
2713	3.00000000529
2714	3.00000000376
2715	3.00000000266
2716	3.00000000188
2717	3.00000000132
2718	3.00000000093
2719	3.00000000065
2720	3.00000000045
2721	3.00000000031
2722	3.00000000022
2723	3.00000000015
2724	3.0000000001
2725	3.00000000007
2726	3.00000000005
2727	3.00000000003
2728	3.00000000002
2729	3.00000000002
2730	3.00000000001
2731	3.00000000001
2732	3.0
2733	3.0
2734	3.0
2735	3.0
2736	3.0
2737	3.0
2738	3.0
2739	3.0
2740	3.0
2741	3.0
2742	3.0
2743	3.0
2744	3.0
2745	3.0
2746	3.0
2747	3.0
2748	3.0
2749	3.0
2750	3.0
2751	3.0
2752	3.0
2753	3.0
2754	3.0
2755	3.0
2756	3.0
2757	3.0
2758	3.0
2759	3.0
2760	3.0
2761	3.0
2762	3.0
2763	3.0
2764	3.0
2765	3.0
2766	3.0
2767	3.0
2768	3.0
2769	3.0
2770	3.0
2771	3.0
2772	3.0
2773	3.0
2774	3.0
2775	3.0
2776	3.0
2777	3.0
2778	3.0
2779	3.0
2780	3.0
2781	3.0
2782	3.0
2783	3.0
2784	3.0
2785	3.0
2786	3.0
2787	3.0
2788	3.0
2789	3.0
2790	3.0
2791	3.0
2792	3.0
2793	3.0
2794	3.0
2795	3.0
2796	3.0
2797	3.0
2798	3.0
2799	3.0
2800	3.0
2801	3.0
2802	3.0
2803	3.0
2804	3.0
2805	3.0
2806	3.0
2807	3.0
2808	3.0
2809	3.0
2810	3.0
2811	3.0
2812	3.0
2813	3.0
2814	3.0
2815	3.0
2816	3.0
2817	3.0
2818	3.0
2819	3.0
2820	3.0
2821	3.0
2822	3.0
2823	3.0
2824	3.0
2825	3.0
2826	3.0
2827	3.0
2828	3.0
2829	3.0
2830	3.0
2831	3.0
2832	3.0
2833	3.0
2834	3.0
2835	3.0
2836	3.0
2837	3.0
2838	3.0
2839	3.0
2840	3.0
2841	3.0
2842	3.0
2843	3.0
2844	3.0
2845	3.0
2846	3.0
2847	3.0
2848	3.0
2849	3.0
2850	3.0
2851	3.0
2852	3.0
2853	3.0
2854	3.0
2855	3.0
2856	3.0
2857	3.0
2858	3.0
2859	3.0
2860	3.0
2861	3.0
2862	3.0
2863	3.0
2864	3.0
2865	3.0
2866	3.0
2867	3.0
2868	3.0
2869	3.0
2870	3.0
2871	3.0
2872	3.0
2873	3.0
2874	3.0
2875	3.0
2876	3.0
2877	3.0
2878	3.0
2879	3.0
2880	3.0
2881	3.0
2882	3.0
2883	3.0
2884	3.0
2885	3.0
2886	3.0
2887	3.0
2888	3.0
2889	3.0
2890	3.0
2891	3.0
2892	3.0
2893	3.0
2894	3.0
2895	3.0
2896	3.0
2897	3.0
2898	3.0
2899	3.0
2900	3.0
2901	4.5
2902	4.5
2903	4.5
2904	4.5
2905	4.5
2906	4.5
2907	4.5
2908	4.5
2909	4.5
2910	4.5
2911	4.5
2912	4.5
2913	4.5
2914	4.5
2915	4.5
2916	4.5
2917	4.5
2918	4.5
2919	4.5
2920	4.5
2921	4.5
2922	4.5
2923	4.5
2924	4.5
2925	4.5
2926	4.5
2927	4.5
2928	4.5
2929	4.5
2930	4.5
2931	3
2932	3
2933	3
2934	3
2935	3
2936	3
2937	3
2938	3
2939	3
2940	3
2941	3
2942	3
2943	3
2944	3
2945	3
2946	3
2947	3
2948	3
2949	3
2950	3
2951	3
2952	3
2953	3
2954	3
2955	3
2956	3
2957	3
2958	3
2959	3.3
2960	3.3
2961	3.3
2962	3.3
2963	3.3
2964	3.3
2965	3.3
2966	3.3
2967	3.3
2968	3.3
2969	3.3
2970	3.3
2971	3.3
2972	3.3
2973	3.3
2974	3.3
2975	3.3
2976	3.3
2977	3.3
2978	3.3
2979	3.3
2980	3.3
2981	3.3
2982	3.3
2983	3.3
2984	3.3
2985	3.3
2986	3.3
2987	3.3
2988	3.3
2989	3
2990	3
2991	3
2992	3
2993	3
2994	3
2995	3
2996	3
2997	3
2998	3
2999	3
3000	3
3001	3
3002	3
3003	3
3004	3
3005	3
3006	3
3007	3
3008	3
3009	3
3010	3
3011	3
3012	3
3013	3
3014	3
3015	3
3016	3
3017	5
3018	5
3019	5
3020	5
3021	5
3022	5
3023	5
3024	5
3025	5
3026	5
3027	5
3028	5
3029	5
3030	5
3031	5
3032	5
3033	5
3034	5
3035	5
3036	5
3037	5
3038	5
3039	5
3040	5
3041	5
3042	5
3043	5
3044	5
3045	5
3046	5
3047	3
3048	3
3049	3
3050	3
3051	3
3052	3
3053	3
3054	3
3055	3
3056	3
3057	3
3058	3
3059	3
3060	3
3061	3
3062	3
3063	3
3064	3
3065	3
3066	3
3067	3
3068	3
3069	3
3070	3
3071	3
3072	3
3073	3
3074	3
3075	3.5
3076	3.5
3077	3.5
3078	3.5
3079	3.5
3080	3.5
3081	3.5
3082	3.5
3083	3.5
3084	3.5
3085	3.5
3086	3.5
3087	3.5
3088	3.5
3089	3.5
3090	3.5
3091	3.5
3092	3.5
3093	3.5
3094	3.5
3095	3.5
3096	3.5
3097	3.5
3098	3.5
3099	3.5
3100	3.5
3101	3.5
3102	3.5
3103	3.5
3104	3.5
3105	3
3106	3
3107	3
3108	3
3109	3
3110	3
3111	3
3112	3
3113	3
3114	3
3115	3
3116	3
3117	3
3118	3
3119	3
3120	3
3121	3
3122	3
3123	3
3124	3
3125	3
3126	3
3127	3
3128	3
3129	3
3130	3
3131	3
3132	3
3133	3
3134	3
3135	3
3136	3
3137	3
3138	3
3139	3
3140	3
3141	3
3142	3
3143	3
3144	3
3145	3
3146	3
3147	3
3148	3
3149	3
3150	3
3151	3
3152	3
3153	3
3154	3
3155	3
3156	3
3157	3
3158	3
3159	3
3160	3
3161	3
3162	3
3163	3
3164	3
3165	3
3166	3
3167	3
3168	3
3169	3
3170	3
3171	3
3172	3
3173	3
3174	3
3175	3
3176	3
3177	3
3178	3
3179	3
3180	3
3181	3
3182	3
3183	3
3184	3
3185	3
3186	3
3187	3
3188	3
3189	3
3190	3
3191	3
3192	3
3193	3
3194	3
3195	3
3196	3
3197	3
3198	3
3199	3
3200	3
3201	3
3202	3
3203	3
3204	3
3205	3
3206	3
3207	3
3208	3
3209	3
3210	3
3211	3
3212	3
3213	3
3214	3
3215	3
3216	3
3217	3
3218	3
3219	3
3220	3
3221	3
3222	3
3223	3
3224	3
3225	3
3226	3
3227	3
3228	3
3229	3
3230	3
3231	3
3232	3
3233	3
3234	3
3235	3
3236	3
3237	3
3238	3
3239	3
3240	3
3241	3
3242	3
3243	3
3244	3
3245	3
3246	3
3247	3
3248	3
3249	3
3250	3
3251	3
3252	3
3253	2.5
3254	2.5
3255	2.5
3256	2.5
3257	2.5
3258	2.5
3259	2.5
3260	2.5
3261	2.5
3262	2.5
3263	2.5
3264	2.5
3265	2.5
3266	2.5
3267	2.5
3268	2.5
3269	2.5
3270	2.5
3271	2.5
3272	2.5
3273	2.5
3274	2.5
3275	2.5
3276	2.5
3277	2.5
3278	2.5
3279	2.5
3280	2.5
3281	2.5
3282	2.5
3283	3
3284	3
3285	3
3286	3
3287	3
3288	3
3289	3
3290	3
3291	3
3292	3
3293	3
3294	3
3295	3
3296	3
3297	3
3298	3
3299	3
3300	3
3301	3
3302	3
3303	3
3304	3
3305	3
3306	3
3307	3
3308	3
3309	3
3310	3
3311	3
3312	3
3313	3
3314	3
3315	3
3316	3
3317	3
3318	3
3319	3
3320	3
3321	3
3322	3
3323	3
3324	3
3325	3
3326	3
3327	3
3328	3
3329	3
3330	3
3331	3
3332	3
3333	3
3334	3
3335	3
3336	3
3337	3
3338	3
3339	3
3340	3
3341	3
3342	3
3343	3
3344	3
3345	3
3346	3
3347	3
3348	3
3349	3
3350	3
3351	3
3352	3
3353	3
3354	3
3355	3
3356	3
3357	3
3358	3
3359	3
3360	3
3361	3
3362	3
3363	3
3364	3
3365	3
3366	3
3367	3
3368	3
3369	3
3370	3
3371	3
3372	3
3373	3
3374	3
3375	3
3376	3
3377	3
3378	3
3379	3
3380	3
3381	3
3382	3
3383	3
3384	3
3385	3
3386	3
3387	3
3388	3
3389	3
3390	3
3391	3
3392	3
3393	3
3394	3
3395	3
3396	3
3397	3
3398	3
3399	3
3400	3
3401	3
