35522 0.027473
35523 0.030525
35524 0.028999
35525 0.027473
35526 0.028999
35527 0.030525
35528 0.030525
35529 0.030525
35530 0.030525
35531 0.030525
35532 0.032051
35533 0.030525
35534 0.030525
35535 0.030525
35536 0.027473
35538 0.030525
35539 0.027473
35540 0.030525
35541 0.028999
35542 0.027473
35544 0.027473
35545 0.028999
35546 0.028999
35547 0.028999
35548 0.028999
35550 0.027473
35551 0.030525
35552 0.030525
35553 0.028999
35554 0.027473
35555 0.027473
35556 0.028999
35557 0.028999
35558 0.028999
35559 0.030525
35560 0.032051
35561 0.032051
35562 0.030525
35563 0.027473
35564 0.032051
35565 0.032051
35567 0.032051
35568 0.028999
35569 0.030525
35570 0.028999
35571 0.028999
35572 0.030525
35573 0.030525
35574 0.030525
35575 0.032051
35576 0.030525
35577 0.030525
35578 0.028999
35579 0.030525
35580 0.027473
35581 0.027473
35582 0.027473
35583 0.030525
35584 0.030525
35585 0.032051
35586 0.028999
35587 0.032051
35588 0.027473
35589 0.028999
35590 0.028999
35591 0.028999
35592 0.027473
35593 0.028999
35594 0.028999
35596 0.028999
35597 0.028999
35598 0.030525
35599 0.028999
35600 0.028999
35601 0.030525
35602 0.028999
35603 0.028999
35604 0.028999
35605 0.028999
35606 0.028999
35607 0.028999
35608 0.028999
35609 0.027473
35610 0.028999
35611 0.028999
35612 0.028999
35613 0.028999
35614 0.030525
35615 0.027473
35616 0.030525
35617 0.030525
35619 0.028999
35620 0.028999
35621 0.028999
35622 0.028999
35623 0.030525
35624 0.027473
35625 0.027473
35626 0.027473
35627 0.028999
35628 0.028999
35629 0.028999
35630 0.030525
35631 0.027473
35632 0.028999
35633 0.028999
35634 0.032051
35635 0.030525
35636 0.030525
35637 0.028999
35638 0.027473
35639 0.027473
35640 0.027473
35642 0.030525
35643 0.028999
35644 0.027473
35645 0.027473
35646 0.030525
35648 0.028999
35649 0.028999
35650 0.028999
35651 0.030525
35652 0.028999
35653 0.030525
35654 0.028999
35655 0.028999
35656 0.030525
35657 0.028999
35658 0.028999
35659 0.027473
35660 0.028999
35661 0.030525
35662 0.030525
35663 0.028999
35665 0.030525
35666 0.028999
35667 0.030525
35668 0.030525
35669 0.028999
35670 0.032051
35671 0.028999
35672 0.028999
35673 0.028999
35674 0.030525
35675 0.030525
35676 0.030525
35677 0.028999
35678 0.030525
35679 0.028999
35680 0.030525
35681 0.028999
35682 0.030525
35683 0.030525
35684 0.028999
35685 0.028999
35686 0.030525
35688 0.028999
35689 0.028999
35690 0.028999
35691 0.032051
35692 0.030525
35694 0.030525
35695 0.028999
35696 0.027473
35697 0.028999
35698 0.028999
35699 0.028999
35700 0.030525
35701 0.030525
35702 0.027473
35703 0.028999
35704 0.030525
35705 0.028999
35706 0.028999
35707 0.027473
35708 0.028999
35709 0.032051
35711 0.027473
35712 0.028999
35713 0.030525
35714 0.030525
35715 0.030525
35717 0.028999
35718 0.028999
35719 0.030525
35720 0.028999
35721 0.027473
35722 0.028999
35723 0.030525
35724 0.028999
35725 0.027473
35726 0.027473
35727 0.028999
35728 0.028999
35729 0.028999
35730 0.027473
35731 0.028999
35732 0.028999
35734 0.028999
35735 0.028999
35736 0.030525
35737 0.028999
35738 0.030525
35739 0.030525
35740 0.027473
35741 0.030525
35742 0.028999
35743 0.032051
35744 0.028999
35745 0.030525
35746 0.030525
35747 0.030525
35748 0.030525
35749 0.030525
35751 0.027473
35752 0.027473
35753 0.028999
35754 0.032051
35755 0.030525
35757 0.032051
35758 0.028999
35759 0.030525
35760 0.030525
35761 0.028999
35763 0.032051
35764 0.028999
35765 0.028999
35766 0.030525
35767 0.028999
35768 0.028999
35769 0.027473
35770 0.027473
35771 0.030525
35772 0.027473
35773 0.028999
35774 0.028999
35775 0.028999
35776 0.027473
35777 0.027473
35778 0.028999
35780 0.028999
35781 0.028999
35782 0.027473
35783 0.032051
35784 0.028999
35786 0.028999
35787 0.030525
35788 0.028999
35789 0.028999
35790 0.027473
35791 0.028999
35792 0.028999
35793 0.030525
35794 0.028999
35795 0.030525
35796 0.028999
35797 0.032051
35798 0.030525
35799 0.028999
35800 0.028999
35801 0.028999
35803 0.028999
35804 0.028999
35805 0.028999
35806 0.030525
35807 0.027473
35808 0.027473
35809 0.028999
35810 0.028999
35811 0.030525
35812 0.027473
35813 0.030525
35814 0.027473
35815 0.028999
35816 0.028999
35817 0.028999
35818 0.028999
35819 0.028999
35820 0.028999
35821 0.027473
35822 0.030525
35823 0.028999
35824 0.032051
35825 0.030525
35826 0.027473
35827 0.028999
35828 0.030525
35829 0.030525
35830 0.030525
35832 0.028999
35833 0.030525
35834 0.030525
35835 0.027473
35836 0.030525
35837 0.028999
35838 0.030525
35839 0.028999
35840 0.027473
35841 0.027473
35842 0.027473
35843 0.028999
35844 0.027473
35845 0.028999
35846 0.030525
35847 0.028999
35848 0.028999
35849 0.028999
35850 0.030525
35851 0.028999
35852 0.028999
35853 0.027473
35855 0.028999
35856 0.028999
35857 0.027473
35858 0.030525
35859 0.028999
35860 0.030525
35861 0.027473
35862 0.028999
35863 0.028999
35864 0.030525
35865 0.032051
35867 0.030525
35868 0.028999
35869 0.028999
35870 0.028999
35872 0.030525
35873 0.028999
35874 0.028999
35875 0.028999
35876 0.028999
35877 0.032051
35878 0.028999
35879 0.030525
35880 0.030525
35881 0.028999
35882 0.028999
35883 0.028999
35884 0.028999
35885 0.028999
35886 0.028999
35887 0.030525
35888 0.030525
35889 0.030525
35890 0.027473
35891 0.027473
35892 0.032051
35893 0.028999
35894 0.028999
35895 0.027473
35896 0.028999
35897 0.028999
35898 0.028999
35899 0.027473
35901 0.028999
35902 0.028999
35903 0.027473
35904 0.028999
35905 0.027473
35907 0.030525
35908 0.028999
35909 0.030525
35910 0.028999
35911 0.028999
35912 0.025946
35913 0.030525
35914 0.028999
35915 0.032051
35916 0.028999
35917 0.027473
35918 0.027473
35919 0.028999
35920 0.027473
35921 0.028999
35922 0.030525
35924 0.030525
35925 0.027473
35926 0.028999
35927 0.030525
35928 0.027473
35930 0.028999
35931 0.030525
35932 0.030525
35933 0.030525
35934 0.028999
35935 0.028999
35936 0.032051
35937 0.027473
35938 0.027473
35939 0.030525
35940 0.028999
35941 0.028999
35942 0.030525
35943 0.030525
35944 0.028999
35945 0.028999
35947 0.028999
35948 0.028999
35949 0.027473
35950 0.028999
35952 0.028999
35953 0.030525
35954 0.028999
35955 0.030525
35956 0.032051
35957 0.028999
35958 0.028999
35959 0.027473
35960 0.032051
35961 0.030525
35962 0.030525
35963 0.027473
35964 0.030525
35965 0.030525
35966 0.030525
35967 0.028999
35968 0.028999
35969 0.030525
35970 0.028999
35971 0.027473
35972 0.028999
35973 0.028999
35974 0.028999
35976 0.028999
35977 0.028999
35978 0.030525
35979 0.032051
35980 0.028999
35981 0.027473
35982 0.027473
35983 0.027473
35984 0.028999
35985 0.032051
35986 0.028999
35987 0.027473
35988 0.030525
35989 0.027473
35990 0.028999
35991 0.030525
35992 0.030525
35993 0.028999
35994 0.028999
35995 0.028999
35996 0.027473
35998 0.028999
35999 0.028999
36000 0.030525
36001 0.030525
36002 0.028999
36003 0.028999
36004 0.028999
36005 0.028999
36006 0.030525
36007 0.028999
36008 0.032051
36009 0.028999
36010 0.027473
36011 0.028999
36012 0.028999
36013 0.028999
36014 0.028999
36016 0.028999
36017 0.028999
36018 0.028999
36019 0.028999
36020 0.028999
36021 0.030525
36022 0.030525
36023 0.028999
36024 0.028999
36025 0.030525
36026 0.030525
36027 0.027473
36028 0.030525
36029 0.028999
36030 0.030525
36031 0.028999
36032 0.028999
36033 0.030525
36034 0.027473
36035 0.028999
36036 0.028999
36037 0.028999
36038 0.030525
36039 0.027473
36040 0.028999
36041 0.028999
36042 0.027473
36043 0.096154
36044 0.028999
36045 0.030525
36046 0.030525
36047 0.035104
36048 0.025946
36049 0.028999
36050 0.030525
36051 0.028999
36052 0.028999
36053 0.027473
36054 0.030525
36055 0.028999
36056 0.030525
36057 0.025946
36058 0.032051
36059 0.030525
36060 0.025946
36061 0.027473
36062 0.028999
36063 0.028999
36064 0.030525
36065 0.028999
36066 0.032051
36067 0.032051
36068 0.028999
36069 0.028999
36070 0.032051
36071 0.028999
36073 0.028999
36074 0.028999
36075 0.028999
36076 0.028999
36077 0.030525
36078 0.030525
36079 0.030525
36080 0.030525
36081 0.032051
36082 0.027473
36083 0.0
36084 0.0
36085 0.0
36086 0.0
36087 0.0
36088 0.0
36089 0.0
36090 0.0
36091 0.0
36092 0.0
36093 0.0
36094 0.0
36095 0.0
36096 0.0
36097 0.0
36098 0.0
36099 0.0
36100 0.0
36101 0.0
36102 0.0
36103 0.0
36104 0.0
36105 0.0
36106 0.0
36107 0.030525
36108 0.028999
36109 0.030525
36110 0.028999
36111 0.028999
36112 0.030525
36113 0.030525
36114 0.027473
36115 0.028999
36116 0.030525
36117 0.028999
36118 0.030525
36119 0.028999
36120 0.028999
36121 0.027473
36122 0.028999
36123 0.028999
36124 0.030525
36125 0.028999
36126 0.028999
36127 0.027473
36128 0.028999
36129 0.028999
36130 0.032051
36131 0.028999
36132 0.028999
36133 0.030525
36134 0.028999
36135 0.027473
36136 0.030525
36137 0.028999
36138 0.028999
36139 0.030525
36140 0.027473
36141 0.028999
36142 0.028999
36143 0.030525
36144 0.030525
36145 0.028999
36146 0.030525
36147 0.096154
36148 0.027473
36149 0.027473
36150 0.028999
36151 0.028999
36152 0.027473
36153 0.030525
36154 0.032051
36155 0.027473
36156 0.028999
36157 0.028999
36158 0.030525
36159 0.030525
36160 0.032051
36161 0.028999
36162 0.028999
36163 0.027473
36164 0.028999
36165 0.028999
36166 0.027473
36167 0.028999
36168 0.028999
36169 0.028999
36171 0.030525
36172 0.027473
36173 0.028999
36174 0.028999
36175 0.028999
36177 0.027473
36178 0.028999
36179 0.028999
36180 0.028999
36181 0.027473
36182 0.028999
36183 0.032051
36184 0.030525
36185 0.032051
36186 0.030525
36187 0.027473
36188 0.030525
36189 0.028999
36190 0.027473
36191 0.028999
36192 0.028999
36194 0.030525
36195 0.028999
36196 0.028999
36197 0.030525
36198 0.027473
36199 0.027473
36200 0.028999
36201 0.028999
36202 0.028999
36203 0.028999
36204 0.027473
36205 0.030525
36206 0.028999
36207 0.028999
36208 0.028999
36209 0.027473
36210 0.027473
36211 0.028999
36212 0.030525
36213 0.028999
36214 0.028999
36215 0.028999
36216 0.030525
36217 0.028999
36218 0.028999
36219 0.028999
36220 0.027473
36221 0.032051
36222 0.028999
36224 0.028999
36225 0.030525
36226 0.030525
36227 0.027473
36228 0.027473
36229 0.028999
36230 0.032051
36231 0.030525
36232 0.028999
36233 0.030525
36234 0.028999
36235 0.027473
36236 0.030525
36237 0.027473
36238 0.028999
36239 0.030525
36241 0.027473
36242 0.028999
36243 0.030525
36244 0.027473
36245 0.027473
36246 0.028999
36247 0.030525
36248 0.028999
36249 0.028999
36250 0.028999
36251 0.027473
36252 0.030525
36253 0.028999
36254 0.027473
36255 0.027473
36256 0.028999
36257 0.030525
36258 0.028999
36259 0.030525
36260 0.030525
36261 0.027473
36263 0.030525
36264 0.030525
36265 0.028999
36266 0.027473
36267 0.027473
36268 0.096154
36269 0.028999
36270 0.028999
36271 0.027473
36272 0.028999
36273 0.028999
36274 0.028999
36275 0.027473
36276 0.030525
36277 0.027473
36278 0.028999
36279 0.028999
36280 0.028999
36281 0.028999
36282 0.028999
36283 0.028999
36284 0.028999
36286 0.027473
36287 0.027473
36288 0.028999
36289 0.028999
36290 0.028999
36291 0.027473
36292 0.027473
36293 0.030525
36294 0.030525
36295 0.028999
36296 0.028999
36297 0.028999
36298 0.030525
36299 0.028999
36300 0.030525
36301 0.027473
36302 0.030525
36303 0.028999
36304 0.028999
36305 0.028999
36306 0.028999
36307 0.030525
36309 0.028999
36310 0.027473
36311 0.027473
36312 0.028999
36313 0.028999
36314 0.028999
36315 0.027473
36316 0.027473
36317 0.028999
36318 0.030525
36319 0.028999
36320 0.027473
36321 0.028999
36322 0.027473
36323 0.030525
36324 0.028999
36325 0.028999
36326 0.028999
36327 0.028999
36328 0.028999
36329 0.027473
36330 0.030525
36331 0.030525
36332 0.028999
36333 0.028999
36334 0.028999
36335 0.027473
36336 0.032051
36337 0.096154
36338 0.028999
36339 0.028999
36340 0.028999
36341 0.027473
36342 0.030525
36343 0.028999
36344 0.028999
36345 0.030525
36346 0.028999
36347 0.028999
36348 0.028999
36349 0.096154
36350 0.028999
36351 0.028999
36352 0.028999
36353 0.030525
36355 0.027473
36356 0.028999
36357 0.028999
36358 0.028999
36359 0.028999
36360 0.028999
36361 0.027473
36362 0.030525
36363 0.028999
36364 0.027473
36365 0.030525
36366 0.027473
36367 0.027473
36368 0.030525
36369 0.027473
36370 0.028999
36371 0.028999
36373 0.030525
36374 0.028999
36375 0.028999
36376 0.028999
36377 0.027473
36378 0.027473
36379 0.030525
36380 0.028999
36381 0.030525
36382 0.028999
36384 0.028999
36385 0.028999
36386 0.030525
36387 0.027473
36388 0.028999
36389 0.028999
36390 0.028999
36391 0.030525
36392 0.028999
36393 0.030525
36394 0.028999
36395 0.027473
36396 0.030525
36397 0.028999
36398 0.030525
36399 0.032051
36400 0.028999
36401 0.027473
36402 0.027473
36403 0.028999
36404 0.030525
36405 0.030525
36407 0.030525
36408 0.028999
36409 0.028999
36410 0.032051
36411 0.030525
36413 0.030525
36414 0.028999
36415 0.030525
36416 0.032051
36417 0.030525
36418 0.028999
36419 0.030525
36420 0.028999
36421 0.028999
36422 0.028999
36423 0.028999
36424 0.032051
36425 0.027473
36426 0.027473
36427 0.027473
36428 0.028999
36430 0.030525
36431 0.027473
36432 0.028999
36433 0.030525
36434 0.028999
36436 0.030525
36437 0.025946
36438 0.028999
36439 0.030525
36440 0.028999
36441 0.028999
36442 0.028999
36443 0.028999
36444 0.028999
36445 0.028999
36446 0.027473
36447 0.028999
36448 0.028999
36449 0.030525
36450 0.027473
36451 0.028999
36452 0.028999
36453 0.028999
36454 0.028999
36455 0.028999
36456 0.030525
36457 0.028999
36459 0.028999
36460 0.028999
36461 0.030525
36462 0.028999
36463 0.028999
36464 0.027473
36465 0.028999
36466 0.027473
36467 0.028999
36468 0.030525
36469 0.030525
36470 0.027473
36471 0.028999
36472 0.028999
36473 0.028999
36474 0.028999
36475 0.028999
36476 0.030525
36477 0.032051
36478 0.027473
36479 0.028999
36480 0.028999
36482 0.028999
36483 0.032051
36484 0.027473
36485 0.028999
36486 0.028999
36487 0.028999
36488 0.030525
36489 0.028999
36490 0.030525
36491 0.028999
36492 0.027473
36493 0.028999
36494 0.028999
36495 0.028999
36496 0.027473
36497 0.032051
36498 0.028999
36499 0.028999
36500 0.027473
36501 0.028999
36502 0.028999
36503 0.028999
36505 0.030525
36506 0.028999
36507 0.028999
36508 0.028999
36509 0.028999
36510 0.028999
36511 0.021368
36512 0.028999
36513 0.027473
36514 0.028999
36515 0.028999
36516 0.030525
36517 0.028999
36518 0.032051
36519 0.027473
36520 0.027473
36521 0.030525
36522 0.028999
36523 0.028999
36524 0.028999
36525 0.028999
36526 0.028999
36528 0.032051
36529 0.028999
36530 0.028999
36531 0.027473
36532 0.028999
36534 0.028999
36535 0.030525
36536 0.028999
36537 0.028999
36538 0.030525
36540 0.030525
36541 0.028999
36542 0.028999
36543 0.032051
36544 0.028999
36545 0.028999
36546 0.028999
36547 0.028999
36548 0.027473
36549 0.030525
36550 0.028999
36551 0.028999
36552 0.032051
36553 0.028999
36554 0.028999
36555 0.028999
36556 0.030525
36557 0.032051
36558 0.028999
36559 0.028999
36560 0.028999
36561 0.027473
36562 0.028999
36563 0.028999
36564 0.028999
36565 0.028999
36566 0.028999
36567 0.027473
36568 0.028999
36569 0.032051
36570 0.030525
36571 0.028999
36572 0.028999
36573 0.030525
36574 0.032051
36575 0.028999
36576 0.027473
36577 0.032051
36578 0.030525
36580 0.030525
36581 0.027473
36582 0.028999
36583 0.027473
36584 0.028999
36585 0.028999
36586 0.028999
36587 0.028999
36588 0.030525
36589 0.027473
36590 0.027473
36591 0.032051
36592 0.027473
36593 0.032051
36594 0.028999
36595 0.028999
36596 0.032051
36597 0.032051
36598 0.028999
36599 0.027473
36600 0.028999
36601 0.028999
36603 0.028999
36604 0.030525
36605 0.028999
36606 0.030525
36607 0.028999
36608 0.028999
36609 0.028999
36610 0.028999
36611 0.027473
36612 0.030525
36613 0.028999
36614 0.030525
36615 0.028999
36616 0.025946
36617 0.030525
36618 0.027473
36619 0.028999
36620 0.027473
36621 0.030525
36622 0.028999
36623 0.032051
36624 0.030525
36626 0.028999
36627 0.030525
36628 0.028999
36629 0.028999
36630 0.028999
36632 0.028999
36633 0.028999
36634 0.030525
36635 0.028999
36636 0.027473
36637 0.030525
36638 0.027473
36639 0.027473
36640 0.027473
36641 0.028999
36642 0.028999
36643 0.027473
36644 0.027473
36645 0.027473
36646 0.032051
36647 0.027473
36649 0.027473
36650 0.028999
36651 0.027473
36652 0.027473
36653 0.028999
36655 0.028999
36656 0.027473
36657 0.028999
36658 0.028999
36659 0.028999
36660 0.028999
36661 0.028999
36662 0.030525
36663 0.030525
36664 0.027473
36665 0.030525
36666 0.028999
36667 0.032051
36668 0.027473
36669 0.030525
36670 0.028999
36672 0.030525
36673 0.032051
36674 0.030525
36675 0.032051
36676 0.028999
36677 0.032051
36678 0.030525
36679 0.028999
36680 0.027473
36681 0.028999
36682 0.028999
36683 0.028999
36684 0.028999
36685 0.028999
36686 0.028999
36687 0.028999
36688 0.027473
36689 0.030525
36690 0.027473
36691 0.028999
36692 0.028999
36693 0.028999
36694 0.028999
36695 0.028999
36696 0.027473
36697 0.030525
36698 0.028999
36699 0.027473
36701 0.035104
36702 0.178571
36703 0.068681
36704 0.19536
36705 0.325092
36707 0.090049
36708 0.038156
36709 0.180098
36710 0.03663
36711 0.032051
36712 0.028999
36713 0.027473
36714 0.028999
36715 0.028999
36716 0.028999
36717 0.027473
36718 0.027473
36719 0.028999
36720 0.027473
36721 0.027473
36722 0.028999
36724 0.028999
36725 0.030525
36726 0.028999
36727 0.030525
36728 0.028999
36729 0.030525
36730 0.028999
36731 0.030525
36732 0.028999
36733 0.030525
36734 0.028999
36736 0.027473
36737 0.028999
36738 0.028999
36739 0.027473
36740 0.028999
36741 0.030525
36742 0.028999
36743 0.030525
36744 0.028999
36745 0.028999
36747 0.030525
36748 0.027473
36749 0.028999
36750 0.711233
36751 0.117521
36753 0.028999
36754 0.028999
36755 0.027473
36756 0.028999
36757 0.027473
36758 0.028999
36759 0.030525
36760 0.030525
36761 0.028999
36762 0.253358
36763 0.051893
36764 0.030525
36765 0.028999
36766 0.028999
36767 0.027473
36768 0.027473
36770 0.028999
36771 0.027473
36772 0.027473
36773 0.030525
36774 0.028999
36776 0.027473
36777 0.028999
36778 0.028999
36779 0.030525
36780 0.028999
36781 0.032051
36782 0.027473
36783 0.028999
36784 0.028999
36785 0.028999
36786 0.030525
36787 0.028999
36788 0.030525
36789 0.027473
36790 0.028999
36791 0.028999
36793 0.028999
36794 0.027473
36795 0.028999
36796 0.030525
36797 0.028999
36799 0.027473
36800 0.030525
36801 0.028999
36802 0.032051
36803 0.030525
36804 0.027473
36805 0.030525
36806 0.028999
36807 0.027473
36808 0.028999
36809 0.030525
36810 0.027473
36811 0.030525
36812 0.028999
36813 0.030525
36814 0.030525
36816 0.027473
36817 0.028999
36818 0.028999
36819 0.028999
36820 0.028999
36821 0.028999
36822 0.028999
36823 0.028999
36824 0.027473
36825 0.028999
36826 0.032051
36827 0.028999
36828 0.056471
36829 0.030525
36830 0.028999
36831 0.028999
36832 0.028999
36833 0.028999
36834 0.028999
36835 0.032051
36836 0.028999
36837 0.028999
36838 0.028999
36839 0.028999
36840 0.028999
36841 0.028999
36842 0.028999
36843 0.028999
36845 0.028999
36846 0.028999
36847 0.027473
36848 0.030525
36849 0.027473
36850 0.028999
36851 0.030525
36852 0.028999
36853 0.027473
36854 0.028999
36855 0.028999
36856 0.030525
36857 0.028999
36858 0.027473
36859 0.028999
36860 0.027473
36861 0.028999
36862 0.030525
36863 0.028999
36864 0.028999
36865 0.028999
36866 0.027473
36868 0.028999
36869 0.028999
36870 0.028999
36871 0.028999
36872 0.028999
36873 0.028999
36874 0.030525
36875 0.028999
36876 0.030525
36877 0.028999
36878 0.030525
36879 0.032051
36880 0.027473
36881 0.028999
36882 0.027473
36883 0.028999
36885 0.027473
36886 0.028999
36887 0.027473
36888 0.028999
36889 0.028999
36890 0.027473
36891 0.028999
36892 0.028999
36893 0.032051
36894 0.028999
36895 0.028999
36896 0.027473
36897 0.027473
36898 0.032051
36899 0.028999
36900 0.028999
36901 0.028999
36902 0.028999
36903 0.030525
36904 0.028999
36905 0.028999
36906 0.028999
36907 0.027473
36908 0.028999
36909 0.028999
36910 0.027473
36911 0.028999
36912 0.028999
36914 0.032051
36915 0.027473
36916 0.030525
36917 0.028999
36918 0.028999
36920 0.028999
36921 0.027473
36922 0.028999
36923 0.028999
36924 0.027473
36925 0.028999
36926 0.027473
36927 0.028999
36928 0.030525
36929 0.027473
36930 0.028999
36931 0.028999
36932 0.032051
36933 0.027473
36934 0.027473
36935 0.028999
36937 0.030525
36938 0.027473
36939 0.028999
36940 0.028999
36941 0.028999
36942 0.028999
36943 0.028999
36944 0.030525
36945 0.027473
36946 0.028999
36947 0.028999
36949 0.0
36950 0.0
36951 0.0
36952 0.0
36953 0.0
36954 0.0
36955 0.0
36956 0.0
36957 0.0
36958 0.0
36959 0.0
36960 0.0
36961 0.0
36962 0.0
36963 0.0
36964 0.0
36965 0.0
36966 0.0
36967 0.0
36968 0.0
36969 0.0
36970 0.0
36971 0.0
36972 0.028999
36973 0.028999
36974 0.028999
36975 0.028999
36976 0.030525
36977 0.027473
36978 0.028999
36979 0.030525
36980 0.032051
36981 0.032051
36982 0.027473
36983 0.027473
36984 0.027473
36985 0.027473
36986 0.028999
36987 0.028999
36988 0.027473
36989 0.028999
36990 0.030525
36991 0.028999
36992 0.028999
36993 0.030525
36994 0.028999
36995 0.027473
36996 0.028999
36997 0.027473
36998 0.030525
36999 0.027473
37000 0.028999
37001 0.027473
37002 0.030525
37003 0.028999
37004 0.030525
37005 0.030525
37006 0.028999
37007 0.028999
37008 0.028999
37009 0.028999
37010 0.027473
37012 0.028999
37013 0.030525
37014 0.028999
37015 0.028999
37016 0.028999
37017 0.028999
37018 0.028999
37019 0.030525
37020 0.028999
37021 0.028999
37022 0.028999
37023 0.028999
37024 0.028999
37025 0.028999
37026 0.028999
37027 0.027473
37028 0.030525
37029 0.027473
37030 0.028999
37031 0.028999
37032 0.028999
37033 0.030525
37035 0.030525
37036 0.028999
37037 0.028999
37038 0.028999
37039 0.030525
37040 0.028999
37041 0.027473
37042 0.027473
37043 0.028999
37044 0.028999
37045 0.027473
37046 0.027473
37047 0.027473
37048 0.027473
37049 0.028999
37050 0.028999
37052 0.028999
37053 0.028999
37054 0.027473
37055 0.028999
37056 0.030525
37058 0.032051
37059 0.027473
37060 0.032051
37061 0.027473
37062 0.028999
37063 0.028999
37064 0.030525
37065 0.028999
37066 0.027473
37067 0.028999
37068 0.027473
37069 0.028999
37070 0.027473
37071 0.027473
37072 0.030525
37073 0.028999
37074 0.028999
37075 0.028999
37076 0.027473
37077 0.027473
37078 0.030525
37079 0.027473
37081 0.027473
37082 0.027473
37083 0.027473
37084 0.028999
37085 0.028999
37087 0.028999
37088 0.028999
37089 0.032051
37090 0.030525
37091 0.028999
37092 0.028999
37093 0.028999
37094 0.028999
37095 0.028999
37096 0.028999
37097 0.028999
37098 0.028999
37099 0.028999
37100 0.030525
37101 0.027473
37102 0.028999
37104 0.028999
37105 0.028999
37106 0.028999
37107 0.027473
37108 0.028999
37110 0.027473
37111 0.027473
37112 0.028999
37113 0.028999
37114 0.030525
37115 0.028999
37116 0.028999
37117 0.030525
37118 0.028999
37119 0.028999
37120 0.027473
37121 0.028999
37122 0.028999
37123 0.027473
37124 0.028999
37125 0.032051
37127 0.028999
37128 0.027473
37129 0.028999
37130 0.028999
37131 0.028999
37132 0.028999
37133 0.028999
37134 0.028999
37135 0.027473
37136 0.028999
37137 0.028999
37139 0.028999
37140 0.027473
37141 0.028999
37142 0.030525
37143 0.027473
37144 0.028999
37145 0.028999
37146 0.028999
37147 0.028999
37148 0.028999
37149 0.028999
37150 0.028999
37151 0.028999
37152 0.028999
37153 0.027473
37154 0.028999
37156 0.028999
37157 0.028999
37158 0.030525
37159 0.028999
37160 0.032051
37162 0.027473
37163 0.030525
37164 0.027473
37165 0.028999
37166 0.028999
37167 0.028999
37168 0.032051
37169 0.028999
37170 0.028999
37171 0.028999
37172 0.030525
37173 0.028999
37174 0.028999
37175 0.027473
37176 0.025946
37177 0.027473
37179 0.030525
37180 0.027473
37181 0.027473
37182 0.028999
37183 0.027473
37184 0.030525
37185 0.028999
37186 0.028999
37187 0.027473
37188 0.027473
37189 0.027473
37190 0.030525
37191 0.028999
37192 0.027473
37193 0.028999
37194 0.028999
37196 0.028999
37197 0.027473
37198 0.028999
37199 0.027473
37200 0.028999
37201 0.027473
37202 0.028999
37203 0.028999
37204 0.028999
37205 0.028999
37206 0.027473
37207 0.027473
37208 0.028999
37209 0.027473
37210 0.027473
37211 0.027473
37212 0.028999
37213 0.028999
37214 0.028999
37215 0.028999
37216 0.028999
37217 0.028999
37218 0.028999
37219 0.028999
37220 0.028999
37221 0.028999
37222 0.027473
37223 0.028999
37225 0.030525
37226 0.028999
37227 0.027473
37228 0.028999
37229 0.027473
37231 0.028999
37232 0.027473
37233 0.027473
37234 0.028999
37235 0.030525
37236 0.032051
37237 0.028999
37238 0.028999
37239 0.030525
37240 0.028999
37241 0.027473
37242 0.032051
37243 0.030525
37244 0.027473
37245 0.027473
37246 0.027473
37248 0.028999
37249 0.030525
37250 0.030525
37251 0.027473
37252 0.028999
37253 0.030525
37254 0.028999
37255 0.028999
37256 0.028999
37257 0.028999
37258 0.027473
37259 0.030525
37260 0.028999
37261 0.028999
37262 0.030525
37263 0.027473
37264 0.027473
37265 0.028999
37266 0.028999
37267 0.028999
37268 0.028999
37269 0.027473
37270 0.028999
37271 0.027473
37272 0.028999
37273 0.032051
37274 0.030525
37275 0.028999
37277 0.027473
37278 0.028999
37279 0.028999
37280 0.028999
37281 0.028999
37282 0.032051
37283 0.028999
37284 0.028999
37285 0.028999
37286 0.030525
37287 0.027473
37288 0.027473
37289 0.027473
37290 0.028999
37291 0.028999
37292 0.028999
37293 0.030525
37294 0.027473
37295 0.027473
37296 0.028999
37297 0.027473
37298 0.028999
37300 0.028999
37301 0.027473
37302 0.032051
37303 0.032051
37304 0.028999
37305 0.028999
37306 0.030525
37307 0.028999
37308 0.027473
37309 0.028999
37310 0.028999
37311 0.028999
37312 0.028999
37313 0.028999
37314 0.030525
37315 0.028999
37317 0.032051
37318 0.027473
37319 0.028999
37320 0.032051
37321 0.027473
37323 0.027473
37324 0.028999
37325 0.027473
37326 0.027473
37327 0.028999
37328 0.027473
37329 0.028999
37330 0.027473
37331 0.028999
37332 0.027473
37333 0.028999
37334 0.028999
37335 0.028999
37336 0.028999
37337 0.030525
37338 0.028999
37339 0.028999
37340 0.028999
37341 0.028999
37342 0.028999
37343 0.028999
37344 0.028999
37346 0.028999
37347 0.027473
37348 0.028999
37349 0.028999
37350 0.027473
37352 0.028999
37353 0.028999
37354 0.028999
37355 0.027473
37356 0.028999
37357 0.028999
37358 0.028999
37359 0.028999
37360 0.028999
37361 0.028999
37362 0.028999
37363 0.028999
37364 0.028999
37365 0.027473
37366 0.027473
37367 0.028999
37369 0.028999
37370 0.028999
37371 0.030525
37372 0.028999
37373 0.028999
37374 0.028999
37375 0.027473
37376 0.027473
37377 0.028999
37378 0.027473
37379 0.027473
37381 0.028999
37382 0.028999
37383 0.028999
37384 0.027473
37385 0.030525
37386 0.028999
37387 0.028999
37388 0.028999
37389 0.030525
37390 0.028999
37391 0.027473
37392 0.028999
37393 0.027473
37394 0.028999
37395 0.028999
37396 0.028999
37397 0.025946
37398 0.028999
37399 0.028999
37400 0.027473
37401 0.030525
37402 0.028999
37403 0.028999
37404 0.028999
37405 0.028999
37406 0.025946
37407 0.027473
37408 0.028999
37409 0.028999
37410 0.030525
37411 0.028999
37412 0.030525
37413 0.028999
37415 0.030525
37416 0.027473
37417 0.032051
37418 0.028999
37419 0.028999
37421 0.028999
37422 0.027473
37423 0.027473
37424 0.030525
37425 0.027473
37426 0.030525
37427 0.027473
37428 0.028999
37429 0.030525
37430 0.028999
37431 0.028999
37432 0.028999
37433 0.028999
37434 0.027473
37435 0.028999
37436 0.027473
37438 0.030525
37439 0.028999
37440 0.027473
37441 0.030525
37442 0.028999
37444 0.028999
37445 0.028999
37446 0.027473
37447 0.027473
37448 0.028999
37449 0.027473
37450 0.030525
37451 0.030525
37452 0.028999
37453 0.028999
37454 0.030525
37455 0.028999
37456 0.028999
37457 0.028999
37458 0.027473
37459 0.028999
37461 0.027473
37462 0.028999
37463 0.028999
37464 0.028999
37465 0.028999
37467 0.028999
37468 0.030525
37469 0.028999
37470 0.032051
37471 0.028999
37472 0.027473
37473 0.028999
37474 0.028999
37475 0.007631
37476 0.0
37478 0.001526
37479 0.0
37480 0.0
37482 0.0
37484 0.0
37485 0.0
37486 0.0
37487 0.0
37488 0.0
37491 0.0
37492 0.0
37493 0.0
37498 0.0
37499 0.0
37500 0.0
37501 0.0
37502 0.0
37503 0.0
37504 0.0
37505 0.0
37506 0.0
37507 0.0
37508 0.0
37509 0.0
37510 0.0
37511 0.0
37512 0.0
37513 0.0
37514 0.0
37515 0.0
37516 0.0
37517 0.0
37518 0.0
37519 0.0
37520 0.0
37521 0.0
37522 0.0
37523 0.0
37524 0.0
37525 0.0
37526 0.0
37527 0.0
37528 0.0
37529 0.0
37530 0.0
37531 0.0
37532 0.0
37533 0.0
37534 0.0
37535 0.0
37536 0.0
37537 0.0
37538 0.0
37539 0.0
37540 0.0
37541 0.0
37542 0.0
37543 0.0
37544 0.0
37545 0.0
37546 0.0
37547 0.0
37548 0.0
37549 0.0
37550 0.0
37551 0.0
37552 0.0
37553 0.0
37554 0.0
37555 0.0
37556 0.0
37557 0.0
37558 0.0
37559 0.0
37560 0.0
37561 0.0
37562 0.0
37563 0.0
37564 0.0
37565 0.0
37566 0.0
37567 0.0
37568 0.0
37569 0.0
37570 0.0
37571 0.0
37572 0.0
37573 0.0
37574 0.0
37575 0.0
37576 0.0
37577 0.0
37578 0.0
37579 0.0
37580 0.193834
37581 0.0
37582 0.0
37583 0.0
37584 0.0
37585 0.0
37586 0.0
37587 0.0
37588 0.0
37589 4.575702
37590 0.0
37591 0.0
37592 0.0
37593 0.0
37594 0.0
37595 0.0
37596 0.0
37597 0.0
37598 0.0
37599 0.0
37600 0.0
37601 0.0
37602 0.0
37603 0.0
37604 0.0
37605 0.0
37606 0.0
37607 0.0
37608 0.0
37609 0.0
37610 0.0
37611 0.0
37612 0.0
37613 0.0
37614 0.0
37615 0.0
37616 0.0
37617 0.0
37618 0.0
37619 0.0
37620 0.0
37621 0.0
37622 0.0
37623 0.0
37624 0.0
37625 0.0
37626 0.0
37627 0.0
37628 0.0
37629 0.0
37630 0.0
37631 0.0
37632 0.0
37633 0.0
37634 0.0
37635 0.0
37636 0.0
37637 0.0
37638 0.0
37639 0.0
37641 0.0
37642 0.0
37643 0.0
37644 0.0
37645 0.0
37646 0.0
37647 0.0
37648 0.0
37649 0.0
37650 2.455739
37651 0.0
37652 0.0
37653 0.0
37654 0.0
37655 0.0
37656 0.0
37657 0.0
37658 0.0
37659 0.778388
37664 0.0
37668 0.0
37669 0.0
37672 0.0
37673 0.0
37677 0.0
37678 0.0
37681 0.0
37682 0.0
37681 0.0
37682 0.0
37686 0.0
37687 0.0
37690 0.0
37691 0.0
37695 0.0
37699 0.0
37700 0.0
37703 0.0
37704 0.0
37708 0.0
37709 0.0
37712 0.0
37713 0.0
37717 0.0
37718 0.0
37721 0.0
37722 0.0
37725 0.0
37726 0.0
37730 0.0
37731 0.0
37734 0.0
37735 0.0
37739 0.0
37740 0.0
37743 0.0
37744 0.0
37748 0.0
37752 0.0
37753 0.0
37756 0.0
37757 0.0
37761 0.0
37762 0.0
37765 0.0
37766 0.0
37770 0.0
37771 0.0
37774 0.0
37775 0.0
37779 0.0
37783 0.0
37784 0.0
37787 0.0
37788 0.0
37792 0.0
37793 0.0
37796 0.0
37797 0.0
37801 0.0
37802 0.0
37805 0.0
37806 0.0
37809 0.0
37810 0.0
37814 0.0
37815 0.0
37818 0.0
37819 0.0
37823 0.0
37824 0.0
37827 0.0
37828 0.0
37832 0.0
37836 0.0
37837 0.0
37840 0.0
37841 0.0
37845 0.0
37846 0.0
37849 0.0
37850 0.0
37854 0.0
37855 0.0
37858 0.0
37859 0.0
37862 0.0
37863 0.0
37867 0.0
37868 0.0
37871 0.0
37872 0.0
37876 0.0
37877 0.0
37880 0.0
37881 0.0
37885 0.0
37886 0.0
37889 0.0
37890 0.0
37893 0.0
37894 0.0
37898 0.0
37899 0.0
37902 0.0
37903 0.0
37907 0.0
37908 0.0
37911 0.0
37912 0.0
37916 0.0
37920 0.0
37921 0.0
37924 0.0
37925 0.0
37929 0.0
37930 0.0
37933 0.0
37934 0.0
37938 0.0
37939 0.0
37942 0.0
37943 0.0
37947 0.0
37951 0.0
37952 0.0
37955 0.0
37956 0.0
37960 0.0
37961 0.0
37964 0.0
37965 0.0
37969 0.0
37970 0.0
37973 0.0
37974 0.0
37977 0.0
37978 0.0
37982 0.0
37983 0.0
37986 0.0
37987 0.0
37991 0.0
37992 0.0
37995 0.0
37996 0.0
38000 0.0
38004 0.0
38005 0.0
38008 0.0
38009 0.0
38013 0.0
38014 0.0
38017 0.0
38018 0.0
38022 0.0
38023 0.0
38026 0.0
38027 0.0
38030 0.0
38031 0.0
38035 0.0
38036 0.0
38039 0.0
38040 0.0
38044 0.0
38045 0.0
38048 0.0
38049 0.0
38053 0.0
38054 0.0
38057 0.0
38058 0.0
38061 0.0
38062 0.0
38066 0.0
38067 0.0
38070 0.0
38071 0.0
38075 0.0
38076 0.0
38079 0.0
38080 3.550061
38094 0.0
38095 0.0
38096 0.0
38097 0.0
38098 0.0
38099 0.0
38100 0.0
38101 0.0
38102 0.0
38103 0.0
38104 0.0
38105 0.0
38106 0.0
38107 0.0
38108 0.0
38109 0.0
38110 0.0
38111 0.0
38112 0.0
38113 0.0
38114 0.0
38115 0.0
38116 0.0
38117 0.0
38118 0.0
38119 0.0
38120 0.0
38121 0.0
38122 0.0
38123 0.0
38124 0.0
38125 0.0
38126 0.0
38127 0.0
38128 0.0
38129 0.0
38130 0.0
38131 0.0
38132 0.0
38133 0.0
38134 0.0
38135 0.0
38136 0.0
38137 0.0
38138 0.0
38139 0.0
38140 0.0
38141 0.0
38142 0.0
38143 0.0
38144 0.0
38145 0.0
38146 0.0
38147 0.0
38148 0.0
38149 0.0
38150 0.0
38151 0.0
38152 0.0
38153 0.0
38154 0.0
38155 0.0
38156 0.0
38157 0.0
38158 0.0
38159 0.0
38160 0.0
38161 0.0
38162 0.0
38163 0.0
38164 0.0
38165 0.0
38166 0.0
38167 0.0
38168 0.0
38169 0.0
38170 0.0
38171 0.0
38172 0.0
38173 0.0
38174 0.0
38175 0.0
38176 0.0
38177 0.0
38178 0.0
38179 0.0
38180 0.0
38181 0.0
38182 0.0
38183 0.0
38184 0.0
38185 0.0
38186 0.0
38187 0.0
38188 0.0
38189 0.0
38190 0.0
38191 0.0
38192 0.0
38193 0.0
38194 0.0
38195 0.0
38196 0.0
38197 0.0
38198 0.0
38199 0.0
38200 0.0
38201 0.0
38202 0.0
38203 0.0
38204 0.0
38205 0.0
38206 0.0
38207 0.0
38208 0.0
38209 0.0
38210 0.0
38211 0.0
38212 0.0
38213 0.0
38214 0.0
38215 0.0
38216 0.0
38217 0.0
38218 0.0
38219 0.0
38220 0.0
38221 0.0
38222 0.0
38223 0.0
38224 0.0
38225 0.0
38226 0.0
38227 0.0
38228 0.0
38229 0.0
38230 0.0
38231 0.0
38232 0.0
38233 0.0
38234 0.0
38235 0.0
38236 0.0
38237 0.0
38238 0.0
38239 0.0
38240 0.0
38241 0.0
38242 0.0
38243 0.0
38244 0.0
38245 0.0
38246 0.0
38247 0.0
38248 0.0
38249 0.0
38250 0.0
38251 0.0
38252 0.0
38253 0.0
38254 0.0
38255 0.0
38256 0.0
38257 0.0
38258 0.0
38259 0.0
38260 0.0
38261 0.0
38262 0.0
38263 0.0
38264 0.0
38265 0.0
38266 0.0
38267 0.0
38268 0.0
38269 0.0
38270 0.0
38271 0.0
38272 0.0
38273 0.0
38274 0.0
38275 0.0
38276 0.0
38277 0.0
38278 0.0
38279 0.004579
38280 0.0
38281 0.0
38282 0.0
38283 0.0
38284 0.0
38285 0.0
38286 0.0
38287 0.0
38288 0.0
38289 0.0
38290 2.675519
38291 0.0
38292 0.0
38293 0.0
38294 0.0
38295 0.0
38296 0.0
38297 0.0
38298 0.0
38299 0.0
38300 0.0
38301 0.0
38302 0.0
38303 0.0
38304 0.0
38305 0.0
38306 0.0
38307 0.0
38308 0.0
38309 0.0
38310 0.0
38311 0.0
38312 0.0
38313 0.0
38314 0.0
38315 0.0
38316 0.0
38317 0.0
38318 0.0
38319 0.0
38320 0.0
38321 0.0
38322 0.0
38323 0.0
38324 0.0
38325 0.0
38326 0.0
38327 0.0
38328 0.0
38329 0.0
38330 0.0
38331 0.0
38332 0.0
38333 0.0
38334 0.0
38335 0.0
38336 0.0
38337 0.0
38338 0.0
38339 0.0
38340 0.0
38341 0.0
38342 0.0
38343 0.0
38344 0.0
38345 0.0
38346 0.0
38347 0.0
38348 0.0
38349 0.0
38350 0.0
38351 0.0
38352 0.0
38353 0.0
38354 0.0
38355 0.0
38356 0.0
38357 0.0
38358 0.0
38359 0.0
38360 0.0
38361 0.0
38362 0.0
38363 0.0
38364 0.0
38365 0.0
38366 0.0
38367 0.0
38368 0.0
38369 0.0
38370 0.0
38371 0.0
38372 0.0
38373 0.0
38374 0.0
38375 0.0
38376 0.0
38377 0.0
38378 0.0
38379 0.0
38380 0.0
38381 0.0
38382 0.0
38383 0.0
38384 0.0
38385 0.0
38386 0.0
38387 0.0
38388 0.0
38389 0.0
38390 0.0
38391 0.0
38392 0.0
38393 0.0
38394 0.0
38395 0.0
38396 0.0
38397 0.0
38398 0.0
38399 0.0
38400 0.0
38401 0.0
38402 0.0
38403 0.0
38404 0.0
38405 0.0
38406 0.0
38407 0.0
38408 0.0
38409 0.0
38410 0.0
38411 0.0
38412 0.0
38413 0.0
38414 0.0
38415 0.0
38416 0.0
38417 0.0
38418 0.0
38419 0.0
38420 0.0
38421 0.0
38422 0.0
38423 0.0
38424 0.0
38441 0.0
38449 0.001526
38450 0.0
38451 0.0
38452 0.001526
38454 0.0
38456 0.0
38457 0.0
38458 0.0
38461 0.0
38462 0.0
38463 0.0
38472 0.001526
38485 0.0
38487 0.0
38490 0.0
38491 0.030525
38492 0.025946
38493 0.028999
38494 0.02442
38496 0.02442
38497 0.02442
38498 0.022894
38499 0.02442
38500 0.02442
38501 0.022894
38502 0.025946
38503 0.02442
38504 0.02442
38505 0.02442
38506 0.02442
38507 0.02442
38508 0.02442
38509 0.022894
38510 0.096154
38511 0.187729
38512 0.030525
38513 0.030525
38514 1.295788
38516 0.022894
38517 0.022894
38518 0.02442
38519 0.025946
38520 0.02442
38521 0.02442
38522 0.02442
38523 0.02442
38524 0.02442
38525 0.02442
38527 0.025946
38528 0.053419
38529 0.02442
38530 0.022894
38531 0.025946
38532 0.022894
38533 0.02442
38535 0.02442
38536 0.0
38541 0.0
38550 0.0
38552 0.0
38555 0.0
38556 0.0
38557 0.0
38558 0.0
38559 0.0
38560 0.0
38561 0.0
38562 0.0
38563 0.0
38564 0.0
38565 0.0
38566 0.0
38567 0.0
38568 0.0
38569 0.0
38570 0.0
38571 0.0
38572 0.0
38573 0.0
38574 0.0
38575 0.0
38576 0.0
38577 0.0
38578 0.0
38579 0.0
38580 0.0
38581 0.0
38582 0.0
38583 0.0
38584 0.0
38585 0.0
38586 0.0
38587 0.0
38588 0.0
38589 0.0
38590 0.0
38591 0.0
38592 0.0
38593 0.0
38594 0.0
38595 0.0
38596 0.0
38597 0.0
38598 0.0
38599 0.0
38600 0.0
38601 0.0
38602 0.0
38603 0.0
38604 0.0
38605 0.0
38606 0.0
38607 0.0
38608 0.0
38609 0.0
38610 0.0
38611 0.0
38612 0.0
38613 0.0
38614 0.0
38615 0.0
38616 0.0
38617 0.0
38618 0.0
38619 0.0
38620 0.0
38621 0.0
38622 0.0
38623 0.0
38624 0.0
38625 0.0
38626 0.0
38627 0.0
38628 0.0
38629 0.0
38630 0.0
38631 0.0
38632 0.0
38633 0.0
38634 0.0
38635 0.0
38636 0.0
38637 0.0
38638 0.0
38639 0.0
38640 0.0
38641 0.0
38642 0.0
38643 0.0
38644 0.0
38645 0.0
38646 0.0
38647 0.0
38648 0.0
38649 0.0
38650 0.0
38651 0.0
38652 0.0
38653 0.0
38654 0.0
38655 0.0
38656 0.0
38657 0.0
38658 0.0
38659 0.0
38660 0.0
38661 0.0
38662 0.0
38663 0.0
38664 0.0
38665 0.0
38666 0.0
38667 0.0
38668 0.0
38669 0.0
38670 0.0
38671 0.0
38672 0.0
38673 0.0
38674 0.0
38675 0.0
38676 0.0
38677 0.0
38678 0.0
38679 0.0
38680 0.0
38681 0.0
38682 0.0
38683 0.0
38684 0.0
38685 0.0
38686 0.0
38687 0.0
38688 0.0
38689 0.0
38690 0.0
38691 0.0
38692 0.0
38693 0.0
38694 0.0
38695 0.0
38696 0.0
38697 0.0
38698 0.0
38699 0.0
38700 0.0
38701 0.0
38702 0.0
38703 0.0
38704 0.0
38705 0.0
38706 0.0
38707 0.0
38708 0.0
38709 0.0
38710 0.0
38711 0.0
38712 0.0
38713 0.0
38714 0.0
38715 0.0
38716 0.0
38717 0.0
38718 0.0
38719 0.0
38720 0.0
38721 0.0
38722 0.0
38723 0.0
38724 0.0
38725 0.0
38726 0.0
38727 0.0
38728 0.0
38729 0.0
38730 0.0
38731 0.0
38732 0.0
38733 0.0
38734 0.0
38735 0.0
38736 0.0
38737 0.0
38738 0.0
38739 0.0
38740 0.0
38741 0.0
38742 0.0
38743 0.0
38744 0.0
38745 0.0
38746 0.0
38747 0.0
38748 0.0
38749 0.0
38750 0.0
38751 0.0
38752 0.0
38753 0.0
38754 0.0
38755 0.0
38756 0.0
38757 0.0
38758 0.0
38759 0.0
38760 0.0
38761 0.0
38762 0.0
38763 0.0
38764 0.0
38765 0.0
38766 0.0
38767 0.0
38768 0.0
38769 0.0
38770 0.0
38771 0.0
38772 0.0
38773 0.0
38774 0.0
38775 0.0
38776 0.0
38777 0.0
38778 0.0
38779 0.0
38780 0.0
38781 0.0
38782 0.0
38783 0.0
38784 0.0
38785 0.0
38786 0.0
38787 0.0
38788 0.0
38789 0.0
38790 0.0
38791 0.0
38792 0.0
38793 0.0
38794 0.0
38795 0.0
38796 0.0
38797 0.0
38798 0.0
38799 0.0
38800 0.0
38801 0.0
38802 0.0
38803 0.0
38804 0.0
38805 0.0
38806 0.0
38807 0.0
38808 0.0
38809 0.0
38810 0.0
38811 0.0
38812 0.0
38813 0.0
38814 0.0
38815 0.0
38816 0.0
38817 0.0
38818 0.0
38819 0.0
38820 0.0
38821 0.0
38822 0.0
38823 0.0
38824 0.0
38825 0.0
38826 0.0
38827 0.0
38828 0.0
38829 0.0
38830 0.0
38831 0.0
38832 0.0
38833 0.0
38834 0.0
38835 0.0
38836 0.0
38837 0.0
38838 0.0
38839 0.0
38840 0.0
38841 0.0
38842 0.0
38843 0.0
38844 0.0
38845 0.0
38846 0.0
38847 0.0
38848 0.0
38849 0.0
38850 0.0
38851 0.0
38852 0.0
38853 0.0
38854 0.0
38855 0.0
38856 0.0
38857 0.0
38858 0.0
38859 0.0
38860 0.0
38861 0.0
38862 0.0
38863 0.0
38864 0.0
38865 0.0
38866 0.0
38867 0.0
38868 0.0
38869 0.0
38870 0.0
38871 0.0
38872 0.0
38873 0.0
38874 0.0
38875 0.0
38876 0.0
38877 0.0
38878 0.0
38879 0.0
38880 0.0
38881 0.0
38882 0.0
38883 0.0
38884 0.0
38885 0.0
38886 0.0
38887 0.0
38888 0.0
38889 0.0
38890 0.0
38891 0.0
38892 0.0
38893 0.0
38894 0.0
38895 0.0
38896 0.0
38897 0.0
38898 0.0
38899 0.0
38900 0.0
38901 0.0
38902 0.0
38903 0.0
38904 0.0
38905 0.0
38906 0.0
38907 0.0
38908 0.0
38909 0.0
38910 0.0
38911 0.0
38912 0.0
38913 0.0
38914 0.0
38915 0.0
38916 0.0
38917 0.0
38918 0.0
38919 0.0
38920 0.0
38921 0.0
38922 0.0
38923 0.0
38924 0.0
38925 0.0
38926 0.0
38927 0.0
38928 0.0
38929 0.0
38930 0.0
38931 0.0
38932 0.0
38933 0.0
38934 0.0
38935 0.0
38936 0.0
38937 0.0
38938 0.0
38939 0.0
38940 0.0
38941 0.0
38942 0.0
38943 0.0
38944 0.0
38945 0.0
38946 0.0
38947 0.0
38948 0.0
38949 0.0
38950 0.0
38951 0.0
38952 0.0
38953 0.0
38954 0.0
38955 0.0
38956 0.0
38957 0.0
38958 0.0
38959 0.0
38960 0.0
38961 0.0
38962 0.0
38963 0.0
38964 0.0
38965 0.0
38966 0.0
38967 0.0
38968 0.0
38969 0.0
38970 0.0
38971 0.0
38972 0.0
38973 0.0
38974 0.0
38975 0.0
38976 0.0
38977 0.0
38978 0.0
38979 0.0
38980 0.0
38981 0.0
38982 0.0
38983 0.0
38984 0.0
38985 0.0
38986 0.0
38987 0.0
38988 0.0
38989 0.0
38990 0.0
38991 0.0
38992 0.0
38993 0.0
38994 0.0
38995 0.0
38996 0.0
38997 0.0
38998 0.0
38999 0.0
39000 0.0
39001 0.0
39002 0.0
39003 0.0
39004 0.0
39005 0.0
39006 0.0
39007 0.0
39008 0.0
39009 0.0
39010 0.0
39011 0.0
39012 0.0
39013 0.0
39014 0.0
39015 0.0
39016 0.0
39017 0.0
39018 0.0
39019 0.0
39020 0.0
39021 0.0
39022 0.0
39023 0.0
39024 0.0
39025 0.0
39026 0.0
39027 0.0
39028 0.0
39029 0.0
39030 0.0
39031 0.0
39032 0.0
39033 0.0
39034 0.0
39035 0.0
39036 0.0
39037 0.0
39038 0.0
39039 0.0
39040 0.0
39041 0.0
39042 0.0
39043 0.0
39044 0.0
39045 0.0
39046 0.0
39047 0.0
39048 0.0
39049 0.0
39050 0.0
39051 0.0
39052 0.0
39053 0.0
39054 0.0
39055 0.0
39056 0.0
39057 0.0
39058 0.0
39059 0.0
39060 0.0
39061 0.0
39062 0.0
39063 0.0
39064 0.0
39065 0.0
39066 0.0
39067 0.0
39068 0.0
39069 0.0
39070 0.0
39071 0.0
39072 0.0
39073 0.0
39074 0.0
39075 0.0
39076 0.0
39077 0.0
39078 0.0
39079 0.0
39080 0.0
39081 0.0
39082 0.0
39083 0.0
39084 0.0
39085 0.0
39086 0.0
39087 0.0
39088 0.0
39089 0.0
39090 0.0
39091 0.0
39092 0.0
39093 0.0
39094 0.0
39095 0.0
39096 0.0
39097 0.0
39098 0.0
39099 0.0
39100 0.0
39101 0.0
39102 0.0
39103 0.0
39104 0.0
39105 0.0
39106 0.0
39107 0.0
39108 0.0
39109 0.0
39110 0.0
39111 0.0
39112 0.0
39113 0.0
39114 0.0
39115 0.0
39116 0.0
39117 0.0
39118 0.0
39119 0.0
39120 0.0
39121 0.0
39122 0.0
39123 0.0
39124 0.0
39125 0.0
39126 0.0
39127 0.0
39128 0.0
39129 0.0
39130 0.0
39131 0.0
39132 0.0
39133 0.0
39134 0.0
39135 0.0
39136 0.0
39137 0.0
39138 0.0
39139 0.0
39140 0.0
39141 0.0
39142 0.0
39143 0.0
39144 0.0
39145 0.0
39146 0.0
39147 0.0
39148 0.0
39149 0.0
39150 0.0
39151 0.0
39152 0.0
39153 0.0
39154 0.0
39155 0.0
39156 0.0
39157 0.0
39158 0.0
39159 0.0
39160 0.0
39161 0.0
39162 0.0
39163 0.0
39164 0.0
39165 0.0
39166 0.0
39167 0.0
39168 0.0
39169 0.0
39170 0.0
39171 0.0
39172 0.0
39173 0.0
39174 0.0
39175 0.0
39176 0.0
39177 0.0
39178 0.0
39179 0.0
39180 0.0
39181 0.0
39182 0.0
39183 0.0
39184 0.0
39185 0.0
39186 0.0
39187 0.0
39188 0.0
39189 0.0
39190 0.0
39191 0.0
39192 0.0
39193 0.0
39194 0.0
39195 0.0
39196 0.0
39197 0.0
39198 0.0
39199 0.0
39200 0.0
39201 0.0
39202 0.0
39203 0.0
39204 0.0
39205 0.0
39206 0.0
39207 0.0
39208 0.0
39209 0.0
39210 0.0
39211 0.0
39212 0.0
39213 0.0
39214 0.0
39215 0.0
39216 0.0
39217 0.0
39218 0.0
39219 0.0
39220 0.0
39221 0.0
39222 0.0
39223 0.0
39224 0.0
39225 0.0
39226 0.0
39227 0.0
39228 0.0
39229 0.0
39230 0.0
39231 0.0
39232 0.0
39233 0.0
39234 0.0
39235 0.0
39236 0.0
39237 0.0
39238 0.0
39239 0.0
39240 0.0
39241 0.0
39242 0.0
39243 0.0
39244 0.0
39245 0.0
39246 0.0
39247 0.0
39248 0.0
39249 0.0
39250 0.0
39251 0.0
39252 0.0
39253 0.0
39254 0.0
39255 0.0
39256 0.0
39257 0.0
39258 0.0
39259 0.0
39260 0.0
39261 0.0
39262 0.0
39263 0.0
39264 0.0
39265 0.0
39266 0.0
39267 0.0
39268 0.0
39269 0.0
39270 0.0
39271 0.0
39272 0.0
39273 0.0
39274 0.0
39275 0.0
39276 0.0
39277 0.0
39278 0.0
39279 0.0
39280 0.0
39281 0.0
39282 0.0
39283 0.0
39284 0.0
39285 0.0
39286 0.0
39287 0.0
39288 0.0
39289 0.0
39290 0.0
39291 0.0
39292 0.0
39293 0.0
39294 0.0
39295 0.0
39296 0.0
39297 0.0
39298 0.0
39299 0.0
39300 0.0
39301 0.0
39302 0.0
39303 0.0
39304 0.0
39305 0.0
39306 0.0
39307 0.0
39308 0.0
39309 0.0
39310 0.0
39311 0.0
39312 0.0
39313 0.0
39314 0.0
39315 0.0
39316 0.0
39317 0.0
39318 0.0
39319 0.0
39320 0.0
39321 0.0
39322 0.0
39323 0.0
39324 0.0
39325 0.0
39326 0.0
39327 0.0
39328 0.0
39329 0.0
39330 0.0
39331 0.0
39332 0.0
39333 0.0
39334 0.0
39335 0.0
39336 0.0
39337 0.0
39338 0.0
39339 0.0
39340 0.0
39341 0.0
39342 0.0
39343 0.0
39344 0.0
39345 0.0
39346 0.0
39347 0.0
39348 0.0
39349 0.0
39350 0.0
39351 0.0
39352 0.0
39353 0.0
39354 0.0
39355 0.0
39356 0.0
39357 0.0
39358 0.0
39359 0.0
39360 0.0
39361 0.0
39362 0.0
39363 0.0
39364 0.0
39365 0.0
39366 0.0
39367 0.0
39368 0.0
39369 0.0
39370 0.0
39371 0.0
39372 0.0
39373 0.0
39374 0.0
39375 0.0
39376 0.0
39377 0.0
39378 0.0
39379 0.0
39380 0.0
39381 0.0
39382 0.0
39383 0.0
39384 0.0
39385 0.0
39386 0.0
39387 0.0
39388 0.0
39389 0.0
39390 0.0
39391 0.0
39392 0.0
39393 0.0
39394 0.0
39395 0.0
39396 0.0
39397 0.0
39398 0.0
39399 0.0
39400 0.0
39401 0.0
39402 0.0
39403 0.0
39404 0.0
39405 0.0
39406 0.0
39407 0.0
39408 0.0
39409 0.0
39410 0.0
39411 0.0
39412 0.0
39413 0.0
39414 0.0
39415 0.0
39416 0.0
39417 0.0
39418 0.0
39419 0.0
39420 0.0
39421 0.0
39422 0.0
39423 0.0
39424 0.0
39425 0.0
39426 0.0
39427 0.0
39428 0.0
39429 0.0
39430 0.0
39431 0.0
39432 0.0
39433 0.0
39434 0.0
39435 0.0
39436 0.0
39437 0.0
39438 0.0
39439 0.0
39440 0.0
39441 0.0
39442 0.0
39443 0.0
39444 0.0
39445 0.0
39446 0.0
39447 0.0
39448 0.0
39449 0.0
39450 0.0
39451 0.0
39452 0.0
39453 0.0
39454 0.0
39455 0.0
39456 0.0
39457 0.0
39458 0.0
39459 0.0
39460 0.0
39461 0.0
39462 0.0
39463 0.0
39464 0.0
39465 0.0
39466 0.0
39467 0.0
39468 0.0
39469 0.0
39470 0.0
39471 0.0
39472 0.0
39473 0.0
39474 0.0
39475 0.0
39476 0.0
39477 0.0
39478 0.0
39479 0.0
39480 0.0
39481 0.0
39482 0.0
39483 0.0
39484 0.0
39485 0.0
39486 0.0
39487 0.0
39488 0.0
39489 0.0
39490 0.0
39491 0.0
39492 0.0
39493 0.0
39494 0.0
39495 0.0
39496 0.0
39497 0.0
39498 0.0
39499 0.0
39500 0.0
39501 0.0
39502 0.0
39503 0.0
39504 0.0
39505 0.0
39506 0.0
39507 0.0
39508 0.0
39509 0.0
39510 0.0
39511 0.0
39512 0.0
39513 0.0
39514 0.0
39515 0.0
39516 0.0
39517 0.0
39518 0.0
39519 0.0
39520 0.0
39521 0.0
39522 0.0
39523 0.0
39524 0.0
39525 0.0
39526 0.0
39527 0.0
39528 0.0
39529 0.0
39530 0.0
39531 0.0
39532 0.0
39533 0.0
39534 0.0
39535 0.0
39536 0.0
39537 0.0
39538 0.0
39539 0.0
39540 0.0
39541 0.0
39542 0.0
39543 0.0
39544 0.0
39545 0.0
39546 0.0
39547 0.0
39548 0.0
39549 0.0
39550 0.0
39551 0.0
39552 0.0
39553 0.0
39554 0.0
39555 0.0
39556 0.0
39557 0.0
39558 0.0
39559 0.0
39560 0.0
39561 0.0
39562 0.0
39563 0.0
39564 0.0
39565 0.0
39566 0.0
39567 0.0
39568 0.0
39569 0.0
39570 0.0
39571 0.0
39572 0.0
39573 0.0
39574 0.0
39575 0.0
39576 0.0
39577 0.0
39578 0.0
39579 0.0
39580 0.0
39581 0.0
39582 0.0
39583 0.0
39584 0.0
39585 0.0
39586 0.0
39587 0.0
39588 0.0
39589 0.0
39590 0.0
39591 0.0
39592 0.0
39593 0.0
39594 0.0
39595 0.0
39596 0.0
39597 0.0
39598 0.0
39599 0.0
39600 0.0
39601 0.0
39602 0.0
39603 0.0
39604 0.0
39605 0.0
39606 0.0
39607 0.0
39608 0.0
39609 0.0
39610 0.0
39611 0.0
39612 0.0
39613 0.0
39614 0.0
39615 0.0
39616 0.0
39617 0.0
39618 0.0
39619 0.0
39620 0.0
39621 0.0
39622 0.0
39623 0.0
39624 0.0
39625 0.0
39626 0.0
39627 0.0
39628 0.0
39629 0.0
39630 0.0
39631 0.0
39632 0.0
39633 0.0
39634 0.0
39635 0.0
39636 0.0
39637 0.0
39638 0.0
39639 0.0
39640 0.0
39641 0.0
39642 0.0
39643 0.0
39644 0.0
39645 0.0
39646 0.0
39647 0.0
39648 0.0
39649 0.0
39650 0.0
39651 0.0
39652 0.0
39653 0.0
39654 0.0
39655 0.0
39656 0.0
39657 0.0
39658 0.0
39659 0.0
39660 0.0
39661 0.0
39662 0.0
39663 0.0
39664 0.0
39665 0.0
39666 0.0
39667 0.0
39668 0.0
39669 0.0
39670 0.0
39671 0.0
39672 0.0
39673 0.0
39674 0.0
39675 0.0
39676 0.0
39677 0.0
39678 0.0
39679 0.0
39680 0.0
39681 0.0
39682 0.0
39683 0.0
39684 0.0
39685 0.0
39686 0.0
39687 0.0
39688 0.0
39689 0.0
39690 0.0
39691 0.0
39692 0.0
39693 0.0
39694 0.0
39695 0.0
39696 0.0
39697 0.0
39698 0.0
39699 0.0
39700 0.0
39701 0.0
39702 0.0
39703 0.0
39704 0.0
39705 0.0
39706 0.0
39707 0.0
39708 0.0
39709 0.0
39710 0.0
39711 0.0
39712 0.0
39713 0.0
39714 0.0
39715 0.0
39716 0.0
39717 0.0
39718 0.0
39719 0.0
39720 0.0
39721 0.0
39722 0.0
39723 0.0
39724 0.0
39725 0.0
39726 0.0
39727 0.0
39728 0.0
39729 0.0
39730 0.0
39731 0.0
39732 0.0
39733 0.0
39734 0.0
39735 0.0
39736 0.0
39737 0.0
39738 0.0
39739 0.0
39740 0.0
39741 0.0
39742 0.0
39743 0.0
39744 0.0
39745 0.0
39746 0.0
39747 0.0
39748 0.0
39749 0.0
39750 0.0
39751 0.0
39752 0.0
39753 0.0
39754 0.0
39755 0.0
39756 0.0
39757 0.0
39758 0.0
39759 0.0
39760 0.0
39761 0.0
39762 0.0
39763 0.0
39764 0.0
39765 0.0
39766 0.0
39767 0.0
39768 0.0
39769 0.0
39770 0.0
39771 0.0
39772 0.0
39773 0.0
39774 0.0
39775 0.0
39776 0.0
39777 0.0
39778 0.0
39779 0.0
39780 0.0
39781 0.0
39782 0.0
39783 0.0
39784 0.0
39785 0.0
39786 0.0
39787 0.0
39788 0.0
39789 0.0
39790 0.0
39791 0.0
39792 0.0
39793 0.0
39794 0.0
39795 0.0
39796 0.0
39797 0.0
39798 0.0
39799 0.0
39800 0.0
39801 0.0
39802 0.0
39803 0.0
39804 0.0
39805 0.0
39806 0.0
39807 0.0
39808 0.0
39809 0.0
39810 0.0
39811 0.0
39812 0.0
39813 0.0
39814 0.0
39815 0.0
39816 0.0
39817 0.0
39818 0.0
39819 0.0
39820 0.0
39821 0.0
39822 0.0
39823 0.0
39824 0.0
39825 0.0
39826 0.0
39827 0.0
39828 0.0
39829 0.0
39830 0.0
39831 0.0
39832 0.0
39833 0.0
39834 0.0
39835 0.0
39836 0.0
39837 0.0
39838 0.0
39839 0.0
39840 0.0
39841 0.0
39842 0.0
39843 0.0
39844 0.0
39845 0.0
39846 0.0
39847 0.0
39848 0.0
39849 0.0
39850 0.0
39851 0.0
39852 0.0
39853 0.0
39854 0.0
39855 0.0
39856 0.0
39857 0.0
39858 0.0
39859 0.0
39860 0.0
39861 0.0
39862 0.0
39863 0.0
39864 0.0
39865 0.0
39866 0.0
39867 0.0
39868 0.0
39869 0.0
39870 0.0
39871 0.0
39872 0.0
39873 0.0
39874 0.0
39875 0.0
39876 0.0
39877 0.0
39878 0.0
39879 0.0
39880 0.0
39881 0.0
39882 0.0
39883 0.0
39884 0.0
39885 0.0
39886 0.0
39887 0.0
39888 0.0
39889 0.0
39890 0.0
39891 0.0
39892 0.0
39893 0.0
39894 0.0
39895 0.0
39896 0.0
39897 0.0
39898 0.0
39899 0.0
39900 0.0
39901 0.0
39902 0.0
39903 0.0
39904 0.0
39905 0.0
39906 0.0
39907 0.0
39908 0.0
39909 0.0
39910 0.0
39911 0.0
39912 0.0
39913 0.0
39914 0.0
39915 0.0
39916 0.0
39917 0.0
39918 0.0
39919 0.0
39920 0.0
39921 0.0
39922 0.0
39923 0.0
39924 0.0
39925 0.0
39926 0.0
39927 0.0
39928 0.0
39929 0.0
39930 0.0
39931 0.0
39932 0.0
39933 0.0
39934 0.0
39935 0.0
39936 0.0
39937 0.0
39938 0.0
39939 0.0
39940 0.0
39941 0.0
39942 0.0
39943 0.0
39944 0.0
39945 0.0
39946 0.0
39947 0.0
39948 0.0
39949 0.0
39950 0.0
39951 0.0
39952 0.0
39953 0.0
39954 0.0
39955 0.0
39956 0.0
39957 0.0
39958 0.0
39959 0.0
39960 0.0
39961 0.0
39962 0.0
39963 0.0
39964 0.0
39965 0.0
39966 0.0
39967 0.0
39968 0.0
39969 0.0
39970 0.0
39971 0.0
39972 0.0
39973 0.0
39974 0.0
39975 0.0
39976 0.0
39977 0.0
39978 0.0
39979 0.0
39980 0.0
39981 0.0
39982 0.0
39983 0.0
39984 0.0
39985 0.0
39986 0.0
39987 0.0
39988 0.0
39989 0.0
39990 0.0
39991 0.0
39992 0.0
39993 0.0
39994 0.0
39995 0.0
39996 0.0
39997 0.0
39998 0.0
39999 0.0
40000 0.0
40001 0.0
40002 0.0
40003 0.0
40004 0.0
40005 0.0
40006 0.0
40007 0.0
40008 0.0
40009 0.0
40010 0.0
40011 0.0
40012 0.0
40013 0.0
40014 0.0
40015 0.0
40016 0.0
40017 0.0
40018 0.0
40019 0.0
40020 0.0
40021 0.0
40022 0.0
40023 0.0
40024 0.010684
40025 0.0
40026 0.0
40027 0.0
40028 0.0
40029 0.0
40030 0.0
40031 0.0
40032 0.0
40033 1.361416
40034 0.0
40035 0.0
40036 0.0
40037 0.0
40038 0.0
40039 0.0
40040 0.0
40041 0.0
40042 0.0
40043 0.0
40044 0.0
40045 0.0
40046 0.0
40047 0.0
40048 0.0
40049 0.0
40050 0.0
40051 0.0
40052 0.0
40053 0.0
40054 0.0
40055 0.0
40056 0.0
40057 0.0
40058 0.0
40059 0.0
40060 0.0
40061 0.0
40062 0.0
40063 0.0
40064 0.0
40065 0.0
40066 0.0
40067 0.0
40068 0.0
40069 0.0
40070 0.0
40071 0.0
40072 0.0
40073 0.0
40074 0.0
40075 0.0
40076 0.0
40077 0.0
40078 0.0
40079 0.0
40080 0.0
40081 0.0
40082 0.0
40083 0.0
40084 0.0
40085 0.0
40086 0.0
40087 0.0
40088 0.0
40089 0.0
40090 0.0
40091 0.0
40092 0.0
40093 0.0
40095 0.0
40096 0.0
40097 0.0
40098 0.0
40099 0.0
40100 0.0
40101 0.0
40102 0.0
40103 0.0
40104 0.0
40105 0.0
40106 0.0
40107 0.0
40108 0.0
40109 0.0
40110 0.0
40111 0.0
40112 0.0
40113 0.0
40114 0.0
40115 0.0
40116 0.0
40117 0.0
40118 0.0
40119 0.0
40120 0.0
40121 0.0
40122 0.0
40123 0.0
40124 0.0
40125 0.0
40126 0.0
40127 0.0
40128 0.0
40129 0.0
40130 0.0
40131 0.0
40132 0.0
40133 0.0
40134 0.0
40135 0.0
40136 0.0
40137 0.0
40138 0.0
40139 0.0
40140 0.0
40141 0.0
40142 0.0
40143 0.0
40144 0.0
40145 0.0
40146 0.0
40147 0.0
40148 0.0
40149 0.0
40150 0.0
40151 0.0
40152 0.0
40153 0.0
40154 0.0
40155 0.0
40156 0.0
40157 0.0
40158 0.0
40159 0.0
40160 0.0
40161 0.0
40162 0.0
40163 0.0
40164 0.0
40165 0.0
40166 0.0
40167 0.0
40168 0.0
40169 0.0
40170 0.0
40171 0.0
40172 0.0
40173 0.0
40174 0.0
40175 0.0
40176 0.0
40177 0.0
40178 0.0
40179 0.0
40180 0.0
40181 0.0
40182 0.0
40183 0.0
40184 0.0
40185 0.0
40186 0.0
40187 0.0
40188 0.0
40189 0.0
40190 0.0
40191 0.0
40192 0.0
40193 0.0
40194 0.0
40210 0.0
40211 0.0
40212 0.0
40213 0.0
40214 0.0
40215 0.0
40216 0.0
40217 0.0
40218 0.0
40219 0.0
40220 0.0
40221 0.0
40222 0.0
40223 0.0
40224 0.0
40225 0.0
40226 0.0
40227 0.0
40228 0.0
40229 0.468559
40231 0.0
40232 0.0
40233 0.0
40234 0.0
40235 0.0
40236 0.0
40237 0.0
40238 0.0
40239 0.0
40240 0.0
40241 0.0
40242 0.0
40243 0.0
40244 0.0
40245 0.0
40246 0.0
40247 0.0
40248 0.0
40249 0.0
40250 0.0
40251 0.0
40252 0.0
40253 0.0
40254 0.0
40255 0.0
40256 0.0
40257 0.0
40258 0.0
40259 0.0
40260 0.0
40261 0.0
40262 0.0
40263 0.0
40264 0.0
40265 0.0
40266 0.0
40267 0.0
40268 0.0
40269 0.0
40270 0.0
40271 0.0
40272 0.0
40273 0.0
40274 0.0
40275 0.0
40276 0.0
40277 0.0
40278 0.0
40279 0.0
40280 0.0
40281 0.0
40282 0.0
40283 0.0
40284 0.0
40285 0.0
40286 0.0
40287 0.0
40288 0.0
40289 0.0
40290 0.0
40291 0.0
40292 0.0
40293 0.0
40294 0.0
40295 0.0
40296 0.0
40297 0.0
40298 0.0
40299 0.0
40300 0.0
40301 0.0
40302 0.0
40303 0.0
40304 0.0
40305 0.0
40306 0.0
40307 0.0
40308 0.0
40309 0.0
40310 0.0
40311 0.0
40312 0.0
40313 0.0
40314 0.0
40315 0.0
40316 0.0
40317 0.0
40318 0.0
40319 0.0
40320 0.0
40321 0.0
40322 0.0
40323 0.0
40324 0.0
40325 0.0
40326 0.0
40327 0.0
40328 0.0
40329 0.0
40330 0.0
40331 0.0
40332 0.0
40333 0.0
40334 0.0
40335 0.0
40336 0.0
40337 0.0
40338 0.0
40339 0.0
40340 0.0
40341 0.0
40342 0.0
40343 0.0
40344 0.0
40345 0.0
40346 0.0
40347 0.0
40348 0.0
40349 0.0
40350 0.0
40351 0.0
40352 0.0
40353 0.0
40354 0.0
40355 0.0
40356 0.0
40357 0.0
40358 0.0
40359 0.0
40360 0.0
40361 0.0
40362 0.0
40363 0.0
40364 0.0
40365 0.0
40366 0.0
40367 0.0
40368 0.0
40369 0.0
40370 0.0
40371 0.0
40372 0.0
40373 0.0
40374 0.0
40375 0.0
40376 0.0
40377 0.0
40378 0.0
40379 0.0
40380 0.0
40381 0.0
40382 0.0
40383 0.0
40384 0.0
40385 0.0
40386 0.0
40387 0.0
40388 0.0
40389 0.0
40390 0.0
40391 0.0
40392 0.0
40393 0.0
40394 0.0
40395 0.0
40396 0.0
40398 0.0
40399 0.0
40400 0.0
40401 0.0
40402 0.0
40403 0.0
40404 0.0
40405 0.0
40406 0.0
40407 0.0
40408 0.0
40409 0.0
40410 0.0
40411 0.0
40412 0.0
40413 0.0
40414 0.0
40415 0.0
40416 0.0
40417 0.0
40418 0.0
40419 0.0
40420 0.0
40421 0.0
40422 0.0
40423 0.0
40424 0.0
40425 0.0
40426 0.0
40427 0.0
40428 0.0
40429 0.0
40430 0.0
40431 0.0
40446 0.0
40447 2.843407
40453 0.0
40454 0.0
40455 0.0
40456 0.0
40457 0.0
40458 0.0
40459 0.0
40460 0.0
40461 0.0
40462 0.0
40463 0.0
40464 0.0
40465 0.0
40466 0.0
40467 0.0
40468 0.0
40469 0.0
40470 0.0
40471 0.0
40472 0.0
40473 0.0
40474 0.0
40475 0.0
40476 0.0
40477 0.0
40478 0.0
40479 0.0
40480 0.0
40481 0.0
40482 0.0
40483 0.0
40484 0.0
40485 0.0
40486 0.0
40487 0.0
40488 0.0
40489 0.0
40490 0.0
40491 0.0
40492 0.0
40493 0.0
40494 0.0
40495 0.0
40496 0.0
40497 0.0
40498 0.0
40499 0.0
40500 0.0
40501 0.0
40502 0.0
40503 0.0
40504 0.0
40505 0.0
40506 0.0
40507 0.0
40508 0.0
40509 0.0
40510 0.0
40511 0.0
40512 0.0
40513 0.0
40514 0.0
40515 0.0
40516 0.0
40517 0.0
40518 0.0
40519 0.0
40520 0.0
40521 0.0
40522 0.0
40523 0.0
40524 0.0
40525 0.0
40526 0.0
40527 0.0
40528 0.0
40529 0.0
40530 0.0
40531 0.0
40532 0.0
40533 0.0
40534 0.0
40535 0.0
40536 0.0
40537 0.0
40538 0.0
40539 0.0
40540 0.0
40541 0.0
40542 0.0
40543 0.0
40544 0.0
40545 0.0
40546 0.0
40547 0.0
40548 0.0
40549 0.0
40550 0.0
40551 0.0
40552 0.0
40553 0.0
40554 0.0
40555 0.0
40556 0.0
40557 0.0
40558 0.0
40559 0.0
40560 0.0
40561 0.0
40562 0.0
40563 0.0
40564 0.0
40565 0.0
40566 0.0
40567 0.0
40568 0.0
40569 0.0
40570 0.0
40571 0.0
40572 0.0
40573 0.0
40574 0.0
40575 0.0
40576 0.0
40577 0.0
40578 0.0
40579 0.0
40580 0.0
40581 0.0
40582 0.0
40583 0.0
40584 0.0
40585 0.0
40586 0.0
40587 0.0
40588 0.0
40589 0.0
40590 0.0
40591 0.0
40592 0.0
40593 0.0
40594 0.0
40595 0.0
40596 0.0
40597 0.0
40598 0.0
40599 0.0
40600 0.0
40601 0.0
40602 0.0
40603 0.0
40604 0.0
40605 0.0
40606 0.0
40608 0.0
40609 0.0
40610 0.0
40611 0.0
40612 0.0
40613 0.0
40614 0.0
40615 0.0
40616 0.0
40617 0.0
40618 0.0
40619 0.0
40620 0.0
40621 0.0
40622 0.0
40623 0.0
40624 0.0
40625 0.0
40626 0.0
40627 0.0
40628 0.0
40629 0.0
40630 0.0
40631 0.0
40632 0.0
40633 0.0
40634 0.0
40635 0.0
40636 0.0
40637 0.0
40638 0.0
40639 0.0
40640 0.0
40641 0.0
40642 0.0
40643 0.0
40644 0.0
40645 0.0
40646 0.0
40647 0.0
40648 0.0
40649 0.0
40650 0.0
40651 0.0
40652 0.0
40653 0.0
40654 0.0
40655 0.0
40656 0.0
40657 0.0
40658 0.0
40659 0.0
40660 0.0
40661 0.0
40662 0.0
40663 0.0
40664 0.0
40665 0.0
40666 0.0
40667 0.0
40668 0.0
40669 0.0
40670 0.0
40671 0.0
40672 0.0
40673 0.0
40674 0.0
40675 0.0
40676 0.0
40677 0.0
40678 0.0
40679 0.0
40680 0.0
40681 0.0
40682 0.0
40683 0.0
40684 0.0
40685 0.0
40686 0.0
40687 0.0
40688 0.0
40689 0.0
40690 0.0
40691 0.0
40692 0.0
40693 0.0
40694 0.0
40695 0.0
40697 0.0
40698 0.0
40699 0.0
40700 0.0
40701 0.0
40702 0.0
40703 0.0
40704 0.0
40705 0.0
40706 0.0
40707 0.0
40708 0.0
40709 0.0
40710 0.0
40711 0.0
40712 0.0
40713 0.0
40714 0.0
40715 0.0
40716 0.0
40718 0.0
40719 0.0
40720 0.0
40721 0.0
40722 0.0
40723 0.0
40724 0.0
40725 0.0
40726 0.0
40727 0.0
40728 0.0
40729 0.0
40730 0.0
40731 0.0
40732 0.0
40733 0.0
40734 0.0
40735 0.0
40736 0.0
40737 0.0
40738 0.0
40739 0.0
40740 0.0
40741 0.0
40742 0.0
40743 0.0
40744 0.0
40745 0.0
40746 0.0
40747 0.0
40748 0.0
40749 0.0
40750 0.0
40751 0.0
40752 0.0
40753 0.0
40754 0.0
40755 0.0
40756 0.0
40757 0.0
40758 0.0
40760 0.0
40761 0.0
40762 0.0
40763 0.0
40764 0.0
40765 0.0
40766 0.0
40767 0.0
40768 0.0
40769 0.0
40770 0.0
40771 0.0
40772 0.0
40773 0.0
40774 0.0
40775 0.0
40776 0.0
40777 0.0
40778 0.0
40779 0.0
40780 0.0
40781 0.0
40782 0.0
40783 0.0
40784 0.0
40785 0.0
40786 0.0
40787 0.0
40788 0.0
40789 0.0
40790 0.0
40791 0.0
40792 0.0
40793 0.0
40794 0.0
40795 0.0
40796 0.0
40797 0.0
40798 0.0
40799 0.0
40800 0.0
40801 0.0
40802 0.0
40803 0.0
40804 0.0
40805 0.0
40806 0.0
40807 0.0
40808 0.0
40809 0.0
40810 0.0
40811 0.0
40812 0.0
40813 0.0
40814 0.0
40815 0.0
40816 0.0
40817 0.0
40818 0.0
40819 0.0
40820 0.0
40821 0.0
40822 0.0
40823 0.0
40824 0.0
40825 0.0
40826 0.0
40827 0.0
40828 0.0
40829 0.0
40830 0.0
40831 0.0
40832 0.0
40833 0.0
40834 0.0
40835 0.0
40836 0.0
40837 0.0
40838 0.0
40839 0.0
40840 0.0
40841 0.0
40842 0.0
40843 0.0
40844 0.0
40845 0.0
40846 0.0
40847 0.0
40848 0.0
40849 0.0
40850 0.0
40851 0.0
40852 0.0
40853 0.0
40854 0.0
40855 0.0
40856 0.0
40857 0.0
40858 0.0
40859 0.0
40860 0.0
40861 0.0
40862 0.0
40863 0.0
40864 0.0
40865 0.0
40866 0.0
40867 0.0
40868 0.0
40869 0.0
40870 0.0
40871 0.0
40872 0.0
40873 0.0
40874 0.0
40875 0.0
40876 0.0
40877 0.0
40878 0.0
40879 0.0
40880 0.0
40881 0.0
40882 0.0
40883 0.0
40884 0.0
40885 0.0
40886 0.0
40887 0.0
40888 0.0
40889 0.0
40890 0.0
40891 0.0
40892 0.0
40893 0.0
40894 0.0
40895 0.0
40896 0.0
40897 0.0
40898 0.0
40899 0.0
40900 0.0
40901 0.0
40902 0.0
40903 0.0
40904 0.0
40905 0.0
40906 0.0
40907 0.0
40908 0.0
40909 0.0
40910 0.0
40911 0.0
40912 0.0
40913 0.0
40914 0.0
40915 0.0
40916 0.0
40917 0.0
40918 0.0
40919 0.0
40920 0.0
40921 0.0
40922 0.0
40923 0.0
40924 0.0
40925 0.0
40926 0.0
40927 0.0
40928 0.0
40929 0.0
40930 0.0
40931 0.0
40932 0.0
40933 0.0
40934 0.0
40935 0.0
40936 0.0
40937 0.0
40938 0.0
40939 0.0
40940 0.0
40941 0.0
40942 0.0
40944 0.0
40945 0.0
40946 0.0
40947 0.0
40949 0.0
40950 0.0
40951 0.0
40952 0.0
40953 0.0
40954 0.0
40955 0.0
40956 0.0
40957 0.0
40958 0.0
40959 0.0
40960 0.0
40961 0.0
40962 0.0
40963 0.0
40964 0.0
40965 0.0
40966 0.0
40967 0.0
40968 0.0
40969 0.0
40970 0.0
40971 0.0
40972 0.0
40973 0.0
40974 0.0
40975 0.0
40976 0.0
40977 0.0
40978 0.0
40979 0.0
40980 0.0
40981 0.0
40982 0.0
40983 0.0
40984 0.0
40985 0.0
40986 0.0
40987 0.0
40988 0.0
40989 0.0
40990 0.0
40991 0.0
40992 0.0
40993 0.0
40994 0.0
40995 0.0
40996 0.0
40997 0.0
40998 0.0
40999 0.0
41000 0.0
41001 0.0
41002 0.0
41003 0.0
41004 0.0
41005 0.0
41006 0.0
41007 0.0
41008 0.0
41009 0.0
41010 0.0
41011 0.0
41012 0.0
41013 0.0
41014 0.0
41015 0.0
41016 0.0
41017 0.0
41018 0.0
41019 0.0
41020 0.0
41021 0.0
41022 0.0
41023 0.0
41024 0.0
41025 0.0
41026 0.0
41027 0.0
41028 0.0
41029 0.0
41030 0.0
41031 0.0
41032 0.0
41033 0.0
41034 0.0
41035 0.0
41036 0.0
41037 0.0
41038 0.0
41039 0.0
41040 0.0
41041 0.0
41042 0.0
41043 0.0
41044 0.0
41045 0.0
41046 0.0
41047 0.0
41048 0.0
41049 0.0
41050 0.0
41051 0.0
41052 0.0
41053 0.0
41054 0.0
41055 0.0
41056 0.0
41057 0.0
41058 0.0
41059 0.0
41060 0.0
41061 0.0
41062 0.0
41063 0.0
41064 0.0
41065 0.0
41066 0.0
41067 0.0
41068 0.0
41070 0.0
41071 0.0
41072 0.0
41073 0.0
41075 0.0
41076 0.0
41077 0.0
41078 0.0
41079 0.0
41080 0.0
41081 0.0
41082 0.0
41083 0.0
41084 0.0
41085 0.0
41086 0.0
41087 0.0
41088 0.0
41089 0.0
41090 0.0
41091 0.0
41092 0.0
41093 0.0
41094 0.0
41095 0.0
41096 0.0
41097 0.0
41098 0.0
41099 0.0
41100 0.0
41101 0.0
41102 0.0
41103 0.0
41104 0.0
41105 0.0
41106 0.0
41107 0.0
41108 0.0
41109 0.0
41110 0.0
41111 0.0
41112 0.0
41113 0.0
41114 0.0
41115 0.0
41116 0.0
41117 0.0
41118 0.0
41119 0.0
41120 0.0
41121 0.0
41122 0.0
41123 0.0
41124 0.0
41125 0.0
41126 0.0
41127 0.0
41128 0.0
41129 0.0
41130 0.0
41131 0.0
41132 0.0
41133 0.0
41134 0.0
41135 0.0
41136 0.0
41137 0.0
41138 0.0
41139 0.0
41140 0.0
41141 0.0
41142 0.0
41143 0.0
41144 0.0
41145 0.0
41146 0.0
41147 0.0
41148 0.0
41149 0.0
41150 0.0
41151 0.0
41152 0.0
41153 0.0
41154 0.0
41155 0.0
41156 0.0
41157 0.0
41158 0.0
41159 0.0
41160 0.0
41161 0.0
41162 0.0
41163 0.0
41164 0.0
41165 0.0
41166 0.0
41167 0.0
41168 0.0
41169 0.0
41170 0.0
41171 0.0
41172 0.0
41173 0.0
41174 0.0
41175 0.0
41176 0.0
41175 0.0
41176 0.0
41177 0.0
41178 0.0
41180 0.0
41181 0.0
41182 0.0
41183 0.0
41184 0.0
41185 0.0
41186 0.0
41187 0.0
41188 0.0
41189 0.0
41190 0.0
41191 0.0
41192 0.0
41193 0.0
41194 0.0
41196 0.0
41197 0.0
41198 0.0
41199 0.0
41200 0.0
41201 0.0
41202 0.0
41203 0.0
41204 0.0
41205 0.0
41206 0.0
41207 0.0
41206 0.0
41207 0.0
41208 0.0
41209 0.0
41210 0.0
41211 0.0
41212 0.0
41213 0.0
41214 0.0
41215 0.0
41217 0.0
41218 0.0
41219 0.0
41220 0.0
41221 0.0
41222 0.0
41223 0.0
41224 0.0
41225 0.0
41226 0.0
41227 0.0
41228 0.0
41229 0.0
41230 0.0
41231 0.0
41232 0.0
41233 0.0
41234 0.0
41235 0.0
41236 0.0
41237 0.0
41238 0.0
41239 0.0
41240 0.0
41241 0.0
41242 0.0
41243 0.0
41244 0.0
41245 0.0
41246 0.0
41247 0.0
41248 0.0
41249 0.0
41250 0.0
41251 0.0
41252 0.0
41253 0.0
41254 0.0
41255 0.0
41256 0.0
41257 0.0
41258 0.0
41259 0.0
41260 0.0
41261 0.0
41262 0.0
41263 0.0
41264 0.0
41265 0.0
41266 0.0
41267 0.0
41268 0.0
41269 0.0
41270 0.0
41271 0.0
41272 0.0
41273 0.0
41274 0.0
41275 0.0
41276 0.0
41277 0.0
41278 0.0
41279 0.0
41280 0.0
41281 0.0
41282 0.0
41283 0.0
41284 0.0
41285 0.0
41286 0.0
41287 0.0
41288 0.0
41289 0.0
41290 0.0
41291 0.0
41292 0.0
41293 0.0
41294 0.0
41295 0.0
41296 0.0
41297 0.0
41298 0.0
41299 0.0
41300 0.0
41301 0.0
41302 0.0
41303 0.0
41304 0.0
41305 0.0
41306 0.0
41307 0.0
41308 0.0
41309 0.0
41310 0.0
41311 0.0
41312 0.0
41313 1.248474
41322 0.0
41323 0.0
41324 0.0
41325 0.0
41326 0.0
41327 0.0
41328 0.0
41329 0.0
41330 0.0
41331 0.0
41332 0.0
41333 0.0
41334 0.0
41335 0.0
41336 0.0
41337 0.0
41338 0.0
41339 0.0
41340 0.0
41341 0.0
41342 0.0
41343 0.0
41344 0.0
41345 5.02442
41347 0.0
41348 0.0
41349 0.0
41350 0.0
41351 0.0
41353 0.0
41357 0.0
41358 0.0
41359 0.0
41360 0.0
41361 0.0
41364 0.0
41365 0.0
41366 0.0
41367 0.0
41368 0.0
41369 0.0
41370 0.0
41372 1.22558
41377 0.0
41378 0.0
41379 0.0
